Sim	Run	Time	totMass	NInd	abovemass	belowmass	BareGround	mean_ares	mean_bres	shannon	meanShannon	NPFT	meanNPFT	Cutted	NNonClonal	NClonal	NGenets
1	0	0	174798	93	81259	88984.2	0.0164	100	60	3.287	nan	52	nan	0	93	0	93
1	0	1	130012	74	31791.7	97588	0.0692	100	60	3.50276	nan	42	nan	0	74	0	74
1	0	2	137412	67	44314.4	92115.2	0.0148	100	60	3.35022	nan	39	nan	0	67	0	67
1	0	3	191006	80	87378	98565.4	0.006	100	60	3.27633	nan	37	nan	0	80	0	80
1	0	4	152165	68	59379.3	89551.5	0.078	100	60	3.11826	nan	33	nan	0	68	0	68
1	0	5	145698	81	49275.1	94451.5	0.132	100	60	2.94136	nan	30	nan	0	81	0	81
1	0	6	161809	90	61356.7	97117.8	0.0392	100	60	3.02269	nan	29	nan	0	90	0	90
1	0	7	132997	95	33343.3	98977.4	0.026	100	60	2.93623	nan	28	nan	0	95	0	95
1	0	8	163288	95	65458.9	94101.7	0.0296	100	60	2.83481	nan	26	nan	0	95	0	95
1	0	9	128892	87	39402.6	88492.6	0.0116	100	60	2.7899	3.10596	24	34	0	87	0	87
1	0	10	142193	88	53052.8	86676.6	0.06	100	60	2.75144	3.0524	23	31.1	0	88	0	88
1	0	11	142429	81	55472.9	84600.6	0.0648	100	60	2.78655	2.98078	23	29.2	0	81	0	81
1	0	12	119443	93	32404.5	86721.3	0.33	100	60	2.68634	2.91439	20	27.3	0	93	0	93
1	0	13	150062	90	66909.8	79397.1	0.0692	100	60	2.43366	2.83012	20	25.6	0	90	0	90
1	0	14	132995	117	40294.5	91983.8	0.214	100	60	2.4446	2.76276	19	24.2	0	117	0	117
1	0	15	171487	109	73576.9	93842.9	0.0284	100	60	2.51721	2.72034	19	23.1	0	109	0	109
1	0	16	157383	100	67970	85598.5	0.0408	100	60	2.52901	2.67097	19	22.1	0	100	0	100
1	0	17	114662	101	33569.6	80393.1	0.0772	100	60	2.37789	2.61514	18	21.1	0	101	0	101
1	0	18	165348	108	78629.8	82143.8	0.016	100	60	2.25514	2.55717	18	20.3	0	108	0	108
1	0	19	111585	119	25726	85341.8	0.1072	100	60	2.31751	2.50994	18	19.7	0	119	0	119
1	0	20	167236	104	79956.7	82600.6	0.0324	100	60	2.24716	2.45951	17	19.1	0	104	0	104
1	0	21	149837	129	56689.2	90849.8	0.074	100	60	2.30647	2.4115	16	18.4	0	129	0	129
1	0	22	173320	117	81265.6	87391.4	0.0128	100	60	2.27567	2.37043	16	18	0	117	0	117
1	0	23	146851	100	63964.6	79342.6	0.0568	100	60	2.28533	2.3556	16	17.6	0	100	0	100
1	0	24	127795	110	41221.3	85902.5	0.2176	100	60	2.42318	2.35346	16	17.3	0	110	0	110
1	0	25	160640	119	68032.1	88883.3	0.0252	100	60	2.33207	2.33494	16	17	0	119	0	119
1	0	26	122890	121	35468.4	87077.3	0.268	100	60	2.26349	2.30839	16	16.7	0	121	0	121
1	0	27	157152	118	70168.8	83020.8	0.0276	100	60	2.19132	2.28974	14	16.3	0	118	0	118
1	0	28	160820	116	73270.5	83421.3	0.0272	100	60	2.19044	2.28327	13	15.8	0	116	0	116
1	0	29	134822	126	46720.4	86258.2	0.116	100	60	2.15138	2.26665	13	15.3	0	126	0	126
1	0	30	175550	129	81449.3	89333.1	0.0156	100	60	2.24843	2.26678	13	14.9	0	129	0	129
1	0	31	123635	126	33442.3	89555.3	0.0368	100	60	2.33384	2.26952	13	14.6	0	126	0	126
1	0	32	112994	112	30891.1	81506.5	0.0516	100	60	2.24403	2.26635	12	14.2	0	112	0	112
1	0	33	166270	117	76288.9	85344.2	0.0304	100	60	2.17731	2.25555	12	13.8	0	117	0	117
1	0	34	168216	119	78296	85090.4	0.0192	100	60	2.17453	2.23068	12	13.4	0	119	0	119
1	0	35	165351	109	78859.5	81573.3	0.01	100	60	2.13878	2.21136	11	12.9	0	109	0	109
1	0	36	134163	106	53231.1	78398.5	0.0752	100	60	2.12889	2.1979	10	12.3	0	106	0	106
1	0	37	162886	118	74449.5	83814.6	0.0316	100	60	2.12971	2.19173	10	11.9	0	118	0	118
1	0	38	173136	124	80627.7	87635.7	0.0072	100	60	2.13924	2.18661	10	11.6	0	124	0	124
1	0	39	158679	109	71829.9	82588.2	0.0196	100	60	2.13717	2.18519	10	11.3	0	109	0	109
1	0	40	127513	117	40605.3	85971.2	0.018	100	60	2.13374	2.17372	10	11	0	117	0	117
1	0	41	152699	123	58001.3	92420.7	0.0492	100	60	2.05198	2.14554	10	10.7	0	123	0	123
1	0	42	166167	123	72484.1	89492.7	0.0112	100	60	2.04475	2.12561	10	10.5	0	123	0	123
1	0	43	153138	106	67767.4	81455.1	0.0152	100	60	2.06448	2.11433	10	10.3	0	106	0	106
1	0	44	131178	102	49598.6	79300.2	0.062	100	60	2.01254	2.09813	9	10	0	102	0	102
1	0	45	106184	103	26885.2	78996.9	0.0744	100	60	2.03563	2.08781	9	9.8	0	103	0	103
1	0	46	125290	93	51077	72065.2	0.0836	100	60	1.97729	2.07265	9	9.7	0	93	0	93
1	0	47	117821	110	35473.4	81635.1	0.0236	100	60	2.0581	2.06549	9	9.6	0	110	0	110
1	0	48	156771	114	70849.9	81472.9	0.0176	100	60	2.01717	2.05329	9	9.5	0	114	0	114
1	0	49	104372	115	22096.2	81941.6	0.1476	100	60	2.03047	2.04262	9	9.4	0	115	0	115
1	0	50	154147	134	59856	91291.7	0.0512	100	60	1.90607	2.01985	8	9.2	0	134	0	134
1	0	51	156592	117	69515.8	83360.5	0.0448	100	60	1.87667	2.00232	8	9	0	117	0	117
1	0	52	156349	128	63250.7	89916.6	0.0484	100	60	1.87234	1.98508	8	8.8	0	128	0	128
1	0	53	154160	124	62438.7	88572.6	0.0512	100	60	1.94445	1.97307	8	8.6	0	124	0	124
1	0	54	165856	125	75008.9	86442.4	0.0084	100	60	1.92249	1.96407	8	8.5	0	125	0	125
1	0	55	144670	119	55975.2	85934.2	0.056	100	60	1.97966	1.95847	8	8.4	0	119	0	119
1	0	56	135285	112	52430.1	80744.3	0.0744	100	60	1.91965	1.95271	8	8.3	0	112	0	112
1	0	57	142593	115	58324.2	81971.3	0.0664	100	60	1.92151	1.93905	8	8.2	0	115	0	115
1	0	58	126437	111	46345.7	78140.7	0.0952	100	60	1.91871	1.9292	8	8.1	0	111	0	111
1	0	59	155939	117	71856.8	79569.2	0.0076	100	60	1.89988	1.91614	8	8	0	117	0	117
1	0	60	152102	110	70762.8	76906.6	0.0104	100	60	1.87961	1.9135	8	8	0	110	0	110
1	0	61	123886	132	37267.3	85983.9	0.0116	100	60	1.90874	1.9167	8	8	0	132	0	132
1	0	62	137072	112	54393.7	80548.5	0.0672	100	60	1.89806	1.91928	8	8	0	112	0	112
1	0	63	161084	110	74226.6	82326.3	0.0128	100	60	1.98541	1.92337	8	8	0	110	0	110
1	0	64	140374	112	55800.2	81964.6	0.0524	100	60	1.94785	1.92591	8	8	0	112	0	112
1	0	65	158993	109	72701	81824.5	0.0136	100	60	1.96061	1.924	8	8	0	109	0	109
1	0	66	136530	119	49971.5	85720	0.0952	100	60	1.95197	1.92724	8	8	0	119	0	119
1	0	67	153164	113	68422.3	80667.5	0.0224	100	60	1.91573	1.92666	8	8	0	113	0	113
1	0	68	106103	111	24635.9	81175.6	0.0804	100	60	1.9319	1.92798	8	8	0	111	0	111
1	0	69	107231	111	26899.4	79945.8	0.1024	100	60	1.87483	1.92547	8	8	0	111	0	111
1	0	70	123262	115	39198.5	83237.2	0.0088	100	60	1.85093	1.9226	8	8	0	115	0	115
1	0	71	156202	105	73072.3	78786.1	0.04	100	60	1.80757	1.91249	7	7.9	0	105	0	105
1	0	72	121961	111	43105.3	78295.1	0.2188	100	60	1.85249	1.90793	7	7.8	0	111	0	111
1	0	73	160995	111	74893.2	81761.5	0.0324	100	60	1.81813	1.8912	7	7.7	0	111	0	111
1	0	74	159943	121	69242.1	86945	0.016	100	60	1.80761	1.87718	7	7.6	0	121	0	121
1	0	75	173072	120	80880.7	87189.3	0.008	100	60	1.85231	1.86635	7	7.5	0	120	0	120
1	0	76	142708	110	57786.4	82075.4	0.044	100	60	1.86855	1.858	7	7.4	0	110	0	110
1	0	77	149484	102	68093.2	77484	0.0264	100	60	1.88652	1.85508	7	7.3	0	102	0	102
1	0	78	110517	105	31213.5	78769.8	0.0424	100	60	1.87011	1.84891	7	7.2	0	105	0	105
1	0	79	136799	118	49200.5	85629.1	0.1172	100	60	1.83482	1.8449	7	7.1	0	118	0	118
1	0	80	111184	112	30344.8	80309.1	0.0716	100	60	1.79699	1.83951	7	7	0	112	0	112
1	0	81	134226	117	46583.1	85839.1	0.1844	100	60	1.75919	1.83467	7	7	0	117	0	117
1	0	82	156298	122	65337.7	87719	0.0488	100	60	1.75728	1.82515	7	7	0	122	0	122
1	0	83	134582	127	43987	89724	0.0212	100	60	1.76841	1.82018	7	7	0	127	0	127
1	0	84	149954	115	62566.9	84233.7	0.0708	100	60	1.70323	1.80974	7	7	0	115	0	115
1	0	85	127028	120	42610.5	83831.8	0.2156	100	60	1.74739	1.79925	7	7	0	120	0	120
1	0	86	134367	113	51420.9	82129.6	0.146	100	60	1.71395	1.78379	7	7	0	113	0	113
1	0	87	177952	123	83589.3	89599.1	0.0304	100	60	1.67748	1.76289	7	7	0	123	0	123
1	0	88	181057	121	85766.7	90228.5	0.018	100	60	1.7458	1.75045	7	7	0	121	0	121
1	0	89	148327	120	59657.8	85763	0.0772	100	60	1.76225	1.7432	7	7	0	120	0	120
1	0	90	110804	122	23119.9	87326.6	0.1388	100	60	1.8178	1.74528	7	7	0	122	0	122
1	0	91	114548	113	32388.8	81822.5	0.3092	100	60	1.81058	1.75042	7	7	0	113	0	113
1	0	92	161459	116	76087.2	81111	0.032	100	60	1.68851	1.74354	7	7	0	116	0	116
1	0	93	168480	118	79093.2	84723.4	0.0132	100	60	1.76663	1.74336	7	7	0	118	0	118
1	0	94	131953	118	44395.2	86959.5	0.188	100	60	1.8293	1.75597	7	7	0	118	0	118
1	0	95	158977	128	67138.2	88462.8	0.0724	100	60	1.75263	1.75649	7	7	0	128	0	128
1	0	96	156651	123	66469	86798.3	0.0424	100	60	1.81932	1.76703	7	7	0	123	0	123
1	0	97	158304	135	66769.7	88120.3	0.0412	100	60	1.81282	1.78056	7	7	0	135	0	135
1	0	98	171683	121	82050.4	84501	0.0172	100	60	1.86608	1.79259	7	7	0	121	0	121
1	0	99	164574	124	75468.5	84460.8	0.0172	100	60	1.85724	1.80209	7	7	0	124	0	124
