ID Species MaxAge AllocSeed LMR m0 MaxMass mSeed Dist pEstab Gmax SLA palat memo RAR growth mThres clonal propSex meanSpacerLength sdSpacerlength Resshare AllocSpacer mSpacer
1 PFT1clonal1 100 0.05 1 1 5000 1 0.1 0.5 60 1 1 2 1 0.25 0.2 1 1 2.5 2.5 1 0.05 70
2 PFT2clonal1 100 0.05 1 0.3 2000 0.3 0.3 0.5 60 1 1 2 1 0.25 0.2 1 1 2.5 2.5 1 0.05 70
3 PFT3clonal1 100 0.05 1 0.1 1000 0.1 0.6 0.5 60 1 1 2 1 0.25 0.2 1 1 2.5 2.5 1 0.05 70
4 PFT4clonal1 100 0.05 0.75 1 5000 1 0.1 0.5 60 1 1 2 1 0.25 0.2 1 1 2.5 2.5 1 0.05 70
5 PFT5clonal1 100 0.05 0.75 0.3 2000 0.3 0.3 0.5 60 1 1 2 1 0.25 0.2 1 1 2.5 2.5 1 0.05 70
6 PFT6clonal1 100 0.05 0.75 0.1 1000 0.1 0.6 0.5 60 1 1 2 1 0.25 0.2 1 1 2.5 2.5 1 0.05 70
7 PFT7clonal1 100 0.05 0.5 1 5000 1 0.1 0.5 60 1 1 2 1 0.25 0.2 1 1 2.5 2.5 1 0.05 70
8 PFT8clonal1 100 0.05 0.5 0.3 2000 0.3 0.3 0.5 60 1 1 2 1 0.25 0.2 1 1 2.5 2.5 1 0.05 70
9 PFT9clonal1 100 0.05 0.5 0.1 1000 0.1 0.6 0.5 60 1 1 2 1 0.25 0.2 1 1 2.5 2.5 1 0.05 70
10 PFT10clonal1 100 0.05 1 1 5000 1 0.1 0.5 60 0.75 0.5 2 1 0.25 0.2 1 1 2.5 2.5 1 0.05 70
11 PFT11clonal1 100 0.05 1 0.3 2000 0.3 0.3 0.5 60 0.75 0.5 2 1 0.25 0.2 1 1 2.5 2.5 1 0.05 70
12 PFT12clonal1 100 0.05 1 0.1 1000 0.1 0.6 0.5 60 0.75 0.5 2 1 0.25 0.2 1 1 2.5 2.5 1 0.05 70
13 PFT13clonal1 100 0.05 0.75 1 5000 1 0.1 0.5 60 0.75 0.5 2 1 0.25 0.2 1 1 2.5 2.5 1 0.05 70
14 PFT14clonal1 100 0.05 0.75 0.3 2000 0.3 0.3 0.5 60 0.75 0.5 2 1 0.25 0.2 1 1 2.5 2.5 1 0.05 70
15 PFT15clonal1 100 0.05 0.75 0.1 1000 0.1 0.6 0.5 60 0.75 0.5 2 1 0.25 0.2 1 1 2.5 2.5 1 0.05 70
16 PFT16clonal1 100 0.05 0.5 1 5000 1 0.1 0.5 60 0.75 0.5 2 1 0.25 0.2 1 1 2.5 2.5 1 0.05 70
17 PFT17clonal1 100 0.05 0.5 0.3 2000 0.3 0.3 0.5 60 0.75 0.5 2 1 0.25 0.2 1 1 2.5 2.5 1 0.05 70
18 PFT18clonal1 100 0.05 0.5 0.1 1000 0.1 0.6 0.5 60 0.75 0.5 2 1 0.25 0.2 1 1 2.5 2.5 1 0.05 70
19 PFT19clonal1 100 0.05 1 1 5000 1 0.1 0.5 60 0.5 0.25 2 1 0.25 0.2 1 1 2.5 2.5 1 0.05 70
20 PFT20clonal1 100 0.05 1 0.3 2000 0.3 0.3 0.5 60 0.5 0.25 2 1 0.25 0.2 1 1 2.5 2.5 1 0.05 70
21 PFT21clonal1 100 0.05 1 0.1 1000 0.1 0.6 0.5 60 0.5 0.25 2 1 0.25 0.2 1 1 2.5 2.5 1 0.05 70
22 PFT22clonal1 100 0.05 0.75 1 5000 1 0.1 0.5 60 0.5 0.25 2 1 0.25 0.2 1 1 2.5 2.5 1 0.05 70
23 PFT23clonal1 100 0.05 0.75 0.3 2000 0.3 0.3 0.5 60 0.5 0.25 2 1 0.25 0.2 1 1 2.5 2.5 1 0.05 70
24 PFT24clonal1 100 0.05 0.75 0.1 1000 0.1 0.6 0.5 60 0.5 0.25 2 1 0.25 0.2 1 1 2.5 2.5 1 0.05 70
25 PFT25clonal1 100 0.05 0.5 1 5000 1 0.1 0.5 60 0.5 0.25 2 1 0.25 0.2 1 1 2.5 2.5 1 0.05 70
26 PFT26clonal1 100 0.05 0.5 0.3 2000 0.3 0.3 0.5 60 0.5 0.25 2 1 0.25 0.2 1 1 2.5 2.5 1 0.05 70
27 PFT27clonal1 100 0.05 0.5 0.1 1000 0.1 0.6 0.5 60 0.5 0.25 2 1 0.25 0.2 1 1 2.5 2.5 1 0.05 70
28 PFT28clonal1 100 0.05 1 1 5000 1 0.1 0.5 40 1 1 4 1 0.25 0.2 1 1 2.5 2.5 1 0.05 70
29 PFT29clonal1 100 0.05 1 0.3 2000 0.3 0.3 0.5 40 1 1 4 1 0.25 0.2 1 1 2.5 2.5 1 0.05 70
30 PFT30clonal1 100 0.05 1 0.1 1000 0.1 0.6 0.5 40 1 1 4 1 0.25 0.2 1 1 2.5 2.5 1 0.05 70
31 PFT31clonal1 100 0.05 0.75 1 5000 1 0.1 0.5 40 1 1 4 1 0.25 0.2 1 1 2.5 2.5 1 0.05 70
32 PFT32clonal1 100 0.05 0.75 0.3 2000 0.3 0.3 0.5 40 1 1 4 1 0.25 0.2 1 1 2.5 2.5 1 0.05 70
33 PFT33clonal1 100 0.05 0.75 0.1 1000 0.1 0.6 0.5 40 1 1 4 1 0.25 0.2 1 1 2.5 2.5 1 0.05 70
34 PFT34clonal1 100 0.05 0.5 1 5000 1 0.1 0.5 40 1 1 4 1 0.25 0.2 1 1 2.5 2.5 1 0.05 70
35 PFT35clonal1 100 0.05 0.5 0.3 2000 0.3 0.3 0.5 40 1 1 4 1 0.25 0.2 1 1 2.5 2.5 1 0.05 70
36 PFT36clonal1 100 0.05 0.5 0.1 1000 0.1 0.6 0.5 40 1 1 4 1 0.25 0.2 1 1 2.5 2.5 1 0.05 70
37 PFT37clonal1 100 0.05 1 1 5000 1 0.1 0.5 40 0.75 0.5 4 1 0.25 0.2 1 1 2.5 2.5 1 0.05 70
38 PFT38clonal1 100 0.05 1 0.3 2000 0.3 0.3 0.5 40 0.75 0.5 4 1 0.25 0.2 1 1 2.5 2.5 1 0.05 70
39 PFT39clonal1 100 0.05 1 0.1 1000 0.1 0.6 0.5 40 0.75 0.5 4 1 0.25 0.2 1 1 2.5 2.5 1 0.05 70
40 PFT40clonal1 100 0.05 0.75 1 5000 1 0.1 0.5 40 0.75 0.5 4 1 0.25 0.2 1 1 2.5 2.5 1 0.05 70
41 PFT41clonal1 100 0.05 0.75 0.3 2000 0.3 0.3 0.5 40 0.75 0.5 4 1 0.25 0.2 1 1 2.5 2.5 1 0.05 70
42 PFT42clonal1 100 0.05 0.75 0.1 1000 0.1 0.6 0.5 40 0.75 0.5 4 1 0.25 0.2 1 1 2.5 2.5 1 0.05 70
43 PFT43clonal1 100 0.05 0.5 1 5000 1 0.1 0.5 40 0.75 0.5 4 1 0.25 0.2 1 1 2.5 2.5 1 0.05 70
44 PFT44clonal1 100 0.05 0.5 0.3 2000 0.3 0.3 0.5 40 0.75 0.5 4 1 0.25 0.2 1 1 2.5 2.5 1 0.05 70
45 PFT45clonal1 100 0.05 0.5 0.1 1000 0.1 0.6 0.5 40 0.75 0.5 4 1 0.25 0.2 1 1 2.5 2.5 1 0.05 70
46 PFT46clonal1 100 0.05 1 1 5000 1 0.1 0.5 40 0.5 0.25 4 1 0.25 0.2 1 1 2.5 2.5 1 0.05 70
47 PFT47clonal1 100 0.05 1 0.3 2000 0.3 0.3 0.5 40 0.5 0.25 4 1 0.25 0.2 1 1 2.5 2.5 1 0.05 70
48 PFT48clonal1 100 0.05 1 0.1 1000 0.1 0.6 0.5 40 0.5 0.25 4 1 0.25 0.2 1 1 2.5 2.5 1 0.05 70
49 PFT49clonal1 100 0.05 0.75 1 5000 1 0.1 0.5 40 0.5 0.25 4 1 0.25 0.2 1 1 2.5 2.5 1 0.05 70
50 PFT50clonal1 100 0.05 0.75 0.3 2000 0.3 0.3 0.5 40 0.5 0.25 4 1 0.25 0.2 1 1 2.5 2.5 1 0.05 70
51 PFT51clonal1 100 0.05 0.75 0.1 1000 0.1 0.6 0.5 40 0.5 0.25 4 1 0.25 0.2 1 1 2.5 2.5 1 0.05 70
52 PFT52clonal1 100 0.05 0.5 1 5000 1 0.1 0.5 40 0.5 0.25 4 1 0.25 0.2 1 1 2.5 2.5 1 0.05 70
53 PFT53clonal1 100 0.05 0.5 0.3 2000 0.3 0.3 0.5 40 0.5 0.25 4 1 0.25 0.2 1 1 2.5 2.5 1 0.05 70
54 PFT54clonal1 100 0.05 0.5 0.1 1000 0.1 0.6 0.5 40 0.5 0.25 4 1 0.25 0.2 1 1 2.5 2.5 1 0.05 70
55 PFT55clonal1 100 0.05 1 1 5000 1 0.1 0.5 20 1 1 6 1 0.25 0.2 1 1 2.5 2.5 1 0.05 70
56 PFT56clonal1 100 0.05 1 0.3 2000 0.3 0.3 0.5 20 1 1 6 1 0.25 0.2 1 1 2.5 2.5 1 0.05 70
57 PFT57clonal1 100 0.05 1 0.1 1000 0.1 0.6 0.5 20 1 1 6 1 0.25 0.2 1 1 2.5 2.5 1 0.05 70
58 PFT58clonal1 100 0.05 0.75 1 5000 1 0.1 0.5 20 1 1 6 1 0.25 0.2 1 1 2.5 2.5 1 0.05 70
59 PFT59clonal1 100 0.05 0.75 0.3 2000 0.3 0.3 0.5 20 1 1 6 1 0.25 0.2 1 1 2.5 2.5 1 0.05 70
60 PFT60clonal1 100 0.05 0.75 0.1 1000 0.1 0.6 0.5 20 1 1 6 1 0.25 0.2 1 1 2.5 2.5 1 0.05 70
61 PFT61clonal1 100 0.05 0.5 1 5000 1 0.1 0.5 20 1 1 6 1 0.25 0.2 1 1 2.5 2.5 1 0.05 70
62 PFT62clonal1 100 0.05 0.5 0.3 2000 0.3 0.3 0.5 20 1 1 6 1 0.25 0.2 1 1 2.5 2.5 1 0.05 70
63 PFT63clonal1 100 0.05 0.5 0.1 1000 0.1 0.6 0.5 20 1 1 6 1 0.25 0.2 1 1 2.5 2.5 1 0.05 70
64 PFT64clonal1 100 0.05 1 1 5000 1 0.1 0.5 20 0.75 0.5 6 1 0.25 0.2 1 1 2.5 2.5 1 0.05 70
65 PFT65clonal1 100 0.05 1 0.3 2000 0.3 0.3 0.5 20 0.75 0.5 6 1 0.25 0.2 1 1 2.5 2.5 1 0.05 70
66 PFT66clonal1 100 0.05 1 0.1 1000 0.1 0.6 0.5 20 0.75 0.5 6 1 0.25 0.2 1 1 2.5 2.5 1 0.05 70
67 PFT67clonal1 100 0.05 0.75 1 5000 1 0.1 0.5 20 0.75 0.5 6 1 0.25 0.2 1 1 2.5 2.5 1 0.05 70
68 PFT68clonal1 100 0.05 0.75 0.3 2000 0.3 0.3 0.5 20 0.75 0.5 6 1 0.25 0.2 1 1 2.5 2.5 1 0.05 70
69 PFT69clonal1 100 0.05 0.75 0.1 1000 0.1 0.6 0.5 20 0.75 0.5 6 1 0.25 0.2 1 1 2.5 2.5 1 0.05 70
70 PFT70clonal1 100 0.05 0.5 1 5000 1 0.1 0.5 20 0.75 0.5 6 1 0.25 0.2 1 1 2.5 2.5 1 0.05 70
71 PFT71clonal1 100 0.05 0.5 0.3 2000 0.3 0.3 0.5 20 0.75 0.5 6 1 0.25 0.2 1 1 2.5 2.5 1 0.05 70
72 PFT72clonal1 100 0.05 0.5 0.1 1000 0.1 0.6 0.5 20 0.75 0.5 6 1 0.25 0.2 1 1 2.5 2.5 1 0.05 70
73 PFT73clonal1 100 0.05 1 1 5000 1 0.1 0.5 20 0.5 0.25 6 1 0.25 0.2 1 1 2.5 2.5 1 0.05 70
74 PFT74clonal1 100 0.05 1 0.3 2000 0.3 0.3 0.5 20 0.5 0.25 6 1 0.25 0.2 1 1 2.5 2.5 1 0.05 70
75 PFT75clonal1 100 0.05 1 0.1 1000 0.1 0.6 0.5 20 0.5 0.25 6 1 0.25 0.2 1 1 2.5 2.5 1 0.05 70
76 PFT76clonal1 100 0.05 0.75 1 5000 1 0.1 0.5 20 0.5 0.25 6 1 0.25 0.2 1 1 2.5 2.5 1 0.05 70
77 PFT77clonal1 100 0.05 0.75 0.3 2000 0.3 0.3 0.5 20 0.5 0.25 6 1 0.25 0.2 1 1 2.5 2.5 1 0.05 70
78 PFT78clonal1 100 0.05 0.75 0.1 1000 0.1 0.6 0.5 20 0.5 0.25 6 1 0.25 0.2 1 1 2.5 2.5 1 0.05 70
79 PFT79clonal1 100 0.05 0.5 1 5000 1 0.1 0.5 20 0.5 0.25 6 1 0.25 0.2 1 1 2.5 2.5 1 0.05 70
80 PFT80clonal1 100 0.05 0.5 0.3 2000 0.3 0.3 0.5 20 0.5 0.25 6 1 0.25 0.2 1 1 2.5 2.5 1 0.05 70
81 PFT81clonal1 100 0.05 0.5 0.1 1000 0.1 0.6 0.5 20 0.5 0.25 6 1 0.25 0.2 1 1 2.5 2.5 1 0.05 70
82 PFT1clonal2 100 0.05 1 1 5000 1 0.1 0.5 60 1 1 2 1 0.25 0.2 1 1 2.5 2.5 0 0.05 70
83 PFT2clonal2 100 0.05 1 0.3 2000 0.3 0.3 0.5 60 1 1 2 1 0.25 0.2 1 1 2.5 2.5 0 0.05 70
84 PFT3clonal2 100 0.05 1 0.1 1000 0.1 0.6 0.5 60 1 1 2 1 0.25 0.2 1 1 2.5 2.5 0 0.05 70
85 PFT4clonal2 100 0.05 0.75 1 5000 1 0.1 0.5 60 1 1 2 1 0.25 0.2 1 1 2.5 2.5 0 0.05 70
86 PFT5clonal2 100 0.05 0.75 0.3 2000 0.3 0.3 0.5 60 1 1 2 1 0.25 0.2 1 1 2.5 2.5 0 0.05 70
87 PFT6clonal2 100 0.05 0.75 0.1 1000 0.1 0.6 0.5 60 1 1 2 1 0.25 0.2 1 1 2.5 2.5 0 0.05 70
88 PFT7clonal2 100 0.05 0.5 1 5000 1 0.1 0.5 60 1 1 2 1 0.25 0.2 1 1 2.5 2.5 0 0.05 70
89 PFT8clonal2 100 0.05 0.5 0.3 2000 0.3 0.3 0.5 60 1 1 2 1 0.25 0.2 1 1 2.5 2.5 0 0.05 70
90 PFT9clonal2 100 0.05 0.5 0.1 1000 0.1 0.6 0.5 60 1 1 2 1 0.25 0.2 1 1 2.5 2.5 0 0.05 70
91 PFT10clonal2 100 0.05 1 1 5000 1 0.1 0.5 60 0.75 0.5 2 1 0.25 0.2 1 1 2.5 2.5 0 0.05 70
92 PFT11clonal2 100 0.05 1 0.3 2000 0.3 0.3 0.5 60 0.75 0.5 2 1 0.25 0.2 1 1 2.5 2.5 0 0.05 70
93 PFT12clonal2 100 0.05 1 0.1 1000 0.1 0.6 0.5 60 0.75 0.5 2 1 0.25 0.2 1 1 2.5 2.5 0 0.05 70
94 PFT13clonal2 100 0.05 0.75 1 5000 1 0.1 0.5 60 0.75 0.5 2 1 0.25 0.2 1 1 2.5 2.5 0 0.05 70
95 PFT14clonal2 100 0.05 0.75 0.3 2000 0.3 0.3 0.5 60 0.75 0.5 2 1 0.25 0.2 1 1 2.5 2.5 0 0.05 70
96 PFT15clonal2 100 0.05 0.75 0.1 1000 0.1 0.6 0.5 60 0.75 0.5 2 1 0.25 0.2 1 1 2.5 2.5 0 0.05 70
97 PFT16clonal2 100 0.05 0.5 1 5000 1 0.1 0.5 60 0.75 0.5 2 1 0.25 0.2 1 1 2.5 2.5 0 0.05 70
98 PFT17clonal2 100 0.05 0.5 0.3 2000 0.3 0.3 0.5 60 0.75 0.5 2 1 0.25 0.2 1 1 2.5 2.5 0 0.05 70
99 PFT18clonal2 100 0.05 0.5 0.1 1000 0.1 0.6 0.5 60 0.75 0.5 2 1 0.25 0.2 1 1 2.5 2.5 0 0.05 70
100 PFT19clonal2 100 0.05 1 1 5000 1 0.1 0.5 60 0.5 0.25 2 1 0.25 0.2 1 1 2.5 2.5 0 0.05 70
101 PFT20clonal2 100 0.05 1 0.3 2000 0.3 0.3 0.5 60 0.5 0.25 2 1 0.25 0.2 1 1 2.5 2.5 0 0.05 70
102 PFT21clonal2 100 0.05 1 0.1 1000 0.1 0.6 0.5 60 0.5 0.25 2 1 0.25 0.2 1 1 2.5 2.5 0 0.05 70
103 PFT22clonal2 100 0.05 0.75 1 5000 1 0.1 0.5 60 0.5 0.25 2 1 0.25 0.2 1 1 2.5 2.5 0 0.05 70
104 PFT23clonal2 100 0.05 0.75 0.3 2000 0.3 0.3 0.5 60 0.5 0.25 2 1 0.25 0.2 1 1 2.5 2.5 0 0.05 70
105 PFT24clonal2 100 0.05 0.75 0.1 1000 0.1 0.6 0.5 60 0.5 0.25 2 1 0.25 0.2 1 1 2.5 2.5 0 0.05 70
106 PFT25clonal2 100 0.05 0.5 1 5000 1 0.1 0.5 60 0.5 0.25 2 1 0.25 0.2 1 1 2.5 2.5 0 0.05 70
107 PFT26clonal2 100 0.05 0.5 0.3 2000 0.3 0.3 0.5 60 0.5 0.25 2 1 0.25 0.2 1 1 2.5 2.5 0 0.05 70
108 PFT27clonal2 100 0.05 0.5 0.1 1000 0.1 0.6 0.5 60 0.5 0.25 2 1 0.25 0.2 1 1 2.5 2.5 0 0.05 70
109 PFT28clonal2 100 0.05 1 1 5000 1 0.1 0.5 40 1 1 4 1 0.25 0.2 1 1 2.5 2.5 0 0.05 70
110 PFT29clonal2 100 0.05 1 0.3 2000 0.3 0.3 0.5 40 1 1 4 1 0.25 0.2 1 1 2.5 2.5 0 0.05 70
111 PFT30clonal2 100 0.05 1 0.1 1000 0.1 0.6 0.5 40 1 1 4 1 0.25 0.2 1 1 2.5 2.5 0 0.05 70
112 PFT31clonal2 100 0.05 0.75 1 5000 1 0.1 0.5 40 1 1 4 1 0.25 0.2 1 1 2.5 2.5 0 0.05 70
113 PFT32clonal2 100 0.05 0.75 0.3 2000 0.3 0.3 0.5 40 1 1 4 1 0.25 0.2 1 1 2.5 2.5 0 0.05 70
114 PFT33clonal2 100 0.05 0.75 0.1 1000 0.1 0.6 0.5 40 1 1 4 1 0.25 0.2 1 1 2.5 2.5 0 0.05 70
115 PFT34clonal2 100 0.05 0.5 1 5000 1 0.1 0.5 40 1 1 4 1 0.25 0.2 1 1 2.5 2.5 0 0.05 70
116 PFT35clonal2 100 0.05 0.5 0.3 2000 0.3 0.3 0.5 40 1 1 4 1 0.25 0.2 1 1 2.5 2.5 0 0.05 70
117 PFT36clonal2 100 0.05 0.5 0.1 1000 0.1 0.6 0.5 40 1 1 4 1 0.25 0.2 1 1 2.5 2.5 0 0.05 70
118 PFT37clonal2 100 0.05 1 1 5000 1 0.1 0.5 40 0.75 0.5 4 1 0.25 0.2 1 1 2.5 2.5 0 0.05 70
119 PFT38clonal2 100 0.05 1 0.3 2000 0.3 0.3 0.5 40 0.75 0.5 4 1 0.25 0.2 1 1 2.5 2.5 0 0.05 70
120 PFT39clonal2 100 0.05 1 0.1 1000 0.1 0.6 0.5 40 0.75 0.5 4 1 0.25 0.2 1 1 2.5 2.5 0 0.05 70
121 PFT40clonal2 100 0.05 0.75 1 5000 1 0.1 0.5 40 0.75 0.5 4 1 0.25 0.2 1 1 2.5 2.5 0 0.05 70
122 PFT41clonal2 100 0.05 0.75 0.3 2000 0.3 0.3 0.5 40 0.75 0.5 4 1 0.25 0.2 1 1 2.5 2.5 0 0.05 70
123 PFT42clonal2 100 0.05 0.75 0.1 1000 0.1 0.6 0.5 40 0.75 0.5 4 1 0.25 0.2 1 1 2.5 2.5 0 0.05 70
124 PFT43clonal2 100 0.05 0.5 1 5000 1 0.1 0.5 40 0.75 0.5 4 1 0.25 0.2 1 1 2.5 2.5 0 0.05 70
125 PFT44clonal2 100 0.05 0.5 0.3 2000 0.3 0.3 0.5 40 0.75 0.5 4 1 0.25 0.2 1 1 2.5 2.5 0 0.05 70
126 PFT45clonal2 100 0.05 0.5 0.1 1000 0.1 0.6 0.5 40 0.75 0.5 4 1 0.25 0.2 1 1 2.5 2.5 0 0.05 70
127 PFT46clonal2 100 0.05 1 1 5000 1 0.1 0.5 40 0.5 0.25 4 1 0.25 0.2 1 1 2.5 2.5 0 0.05 70
128 PFT47clonal2 100 0.05 1 0.3 2000 0.3 0.3 0.5 40 0.5 0.25 4 1 0.25 0.2 1 1 2.5 2.5 0 0.05 70
129 PFT48clonal2 100 0.05 1 0.1 1000 0.1 0.6 0.5 40 0.5 0.25 4 1 0.25 0.2 1 1 2.5 2.5 0 0.05 70
130 PFT49clonal2 100 0.05 0.75 1 5000 1 0.1 0.5 40 0.5 0.25 4 1 0.25 0.2 1 1 2.5 2.5 0 0.05 70
131 PFT50clonal2 100 0.05 0.75 0.3 2000 0.3 0.3 0.5 40 0.5 0.25 4 1 0.25 0.2 1 1 2.5 2.5 0 0.05 70
132 PFT51clonal2 100 0.05 0.75 0.1 1000 0.1 0.6 0.5 40 0.5 0.25 4 1 0.25 0.2 1 1 2.5 2.5 0 0.05 70
133 PFT52clonal2 100 0.05 0.5 1 5000 1 0.1 0.5 40 0.5 0.25 4 1 0.25 0.2 1 1 2.5 2.5 0 0.05 70
134 PFT53clonal2 100 0.05 0.5 0.3 2000 0.3 0.3 0.5 40 0.5 0.25 4 1 0.25 0.2 1 1 2.5 2.5 0 0.05 70
135 PFT54clonal2 100 0.05 0.5 0.1 1000 0.1 0.6 0.5 40 0.5 0.25 4 1 0.25 0.2 1 1 2.5 2.5 0 0.05 70
136 PFT55clonal2 100 0.05 1 1 5000 1 0.1 0.5 20 1 1 6 1 0.25 0.2 1 1 2.5 2.5 0 0.05 70
137 PFT56clonal2 100 0.05 1 0.3 2000 0.3 0.3 0.5 20 1 1 6 1 0.25 0.2 1 1 2.5 2.5 0 0.05 70
138 PFT57clonal2 100 0.05 1 0.1 1000 0.1 0.6 0.5 20 1 1 6 1 0.25 0.2 1 1 2.5 2.5 0 0.05 70
139 PFT58clonal2 100 0.05 0.75 1 5000 1 0.1 0.5 20 1 1 6 1 0.25 0.2 1 1 2.5 2.5 0 0.05 70
140 PFT59clonal2 100 0.05 0.75 0.3 2000 0.3 0.3 0.5 20 1 1 6 1 0.25 0.2 1 1 2.5 2.5 0 0.05 70
141 PFT60clonal2 100 0.05 0.75 0.1 1000 0.1 0.6 0.5 20 1 1 6 1 0.25 0.2 1 1 2.5 2.5 0 0.05 70
142 PFT61clonal2 100 0.05 0.5 1 5000 1 0.1 0.5 20 1 1 6 1 0.25 0.2 1 1 2.5 2.5 0 0.05 70
143 PFT62clonal2 100 0.05 0.5 0.3 2000 0.3 0.3 0.5 20 1 1 6 1 0.25 0.2 1 1 2.5 2.5 0 0.05 70
144 PFT63clonal2 100 0.05 0.5 0.1 1000 0.1 0.6 0.5 20 1 1 6 1 0.25 0.2 1 1 2.5 2.5 0 0.05 70
145 PFT64clonal2 100 0.05 1 1 5000 1 0.1 0.5 20 0.75 0.5 6 1 0.25 0.2 1 1 2.5 2.5 0 0.05 70
146 PFT65clonal2 100 0.05 1 0.3 2000 0.3 0.3 0.5 20 0.75 0.5 6 1 0.25 0.2 1 1 2.5 2.5 0 0.05 70
147 PFT66clonal2 100 0.05 1 0.1 1000 0.1 0.6 0.5 20 0.75 0.5 6 1 0.25 0.2 1 1 2.5 2.5 0 0.05 70
148 PFT67clonal2 100 0.05 0.75 1 5000 1 0.1 0.5 20 0.75 0.5 6 1 0.25 0.2 1 1 2.5 2.5 0 0.05 70
149 PFT68clonal2 100 0.05 0.75 0.3 2000 0.3 0.3 0.5 20 0.75 0.5 6 1 0.25 0.2 1 1 2.5 2.5 0 0.05 70
150 PFT69clonal2 100 0.05 0.75 0.1 1000 0.1 0.6 0.5 20 0.75 0.5 6 1 0.25 0.2 1 1 2.5 2.5 0 0.05 70
151 PFT70clonal2 100 0.05 0.5 1 5000 1 0.1 0.5 20 0.75 0.5 6 1 0.25 0.2 1 1 2.5 2.5 0 0.05 70
152 PFT71clonal2 100 0.05 0.5 0.3 2000 0.3 0.3 0.5 20 0.75 0.5 6 1 0.25 0.2 1 1 2.5 2.5 0 0.05 70
153 PFT72clonal2 100 0.05 0.5 0.1 1000 0.1 0.6 0.5 20 0.75 0.5 6 1 0.25 0.2 1 1 2.5 2.5 0 0.05 70
154 PFT73clonal2 100 0.05 1 1 5000 1 0.1 0.5 20 0.5 0.25 6 1 0.25 0.2 1 1 2.5 2.5 0 0.05 70
155 PFT74clonal2 100 0.05 1 0.3 2000 0.3 0.3 0.5 20 0.5 0.25 6 1 0.25 0.2 1 1 2.5 2.5 0 0.05 70
156 PFT75clonal2 100 0.05 1 0.1 1000 0.1 0.6 0.5 20 0.5 0.25 6 1 0.25 0.2 1 1 2.5 2.5 0 0.05 70
157 PFT76clonal2 100 0.05 0.75 1 5000 1 0.1 0.5 20 0.5 0.25 6 1 0.25 0.2 1 1 2.5 2.5 0 0.05 70
158 PFT77clonal2 100 0.05 0.75 0.3 2000 0.3 0.3 0.5 20 0.5 0.25 6 1 0.25 0.2 1 1 2.5 2.5 0 0.05 70
159 PFT78clonal2 100 0.05 0.75 0.1 1000 0.1 0.6 0.5 20 0.5 0.25 6 1 0.25 0.2 1 1 2.5 2.5 0 0.05 70
160 PFT79clonal2 100 0.05 0.5 1 5000 1 0.1 0.5 20 0.5 0.25 6 1 0.25 0.2 1 1 2.5 2.5 0 0.05 70
161 PFT80clonal2 100 0.05 0.5 0.3 2000 0.3 0.3 0.5 20 0.5 0.25 6 1 0.25 0.2 1 1 2.5 2.5 0 0.05 70
162 PFT81clonal2 100 0.05 0.5 0.1 1000 0.1 0.6 0.5 20 0.5 0.25 6 1 0.25 0.2 1 1 2.5 2.5 0 0.05 70
163 PFT1clonal3 100 0.05 1 1 5000 1 0.1 0.5 60 1 1 2 1 0.25 0.2 1 1 17.5 12.5 1 0.05 70
164 PFT2clonal3 100 0.05 1 0.3 2000 0.3 0.3 0.5 60 1 1 2 1 0.25 0.2 1 1 17.5 12.5 1 0.05 70
165 PFT3clonal3 100 0.05 1 0.1 1000 0.1 0.6 0.5 60 1 1 2 1 0.25 0.2 1 1 17.5 12.5 1 0.05 70
166 PFT4clonal3 100 0.05 0.75 1 5000 1 0.1 0.5 60 1 1 2 1 0.25 0.2 1 1 17.5 12.5 1 0.05 70
167 PFT5clonal3 100 0.05 0.75 0.3 2000 0.3 0.3 0.5 60 1 1 2 1 0.25 0.2 1 1 17.5 12.5 1 0.05 70
168 PFT6clonal3 100 0.05 0.75 0.1 1000 0.1 0.6 0.5 60 1 1 2 1 0.25 0.2 1 1 17.5 12.5 1 0.05 70
169 PFT7clonal3 100 0.05 0.5 1 5000 1 0.1 0.5 60 1 1 2 1 0.25 0.2 1 1 17.5 12.5 1 0.05 70
170 PFT8clonal3 100 0.05 0.5 0.3 2000 0.3 0.3 0.5 60 1 1 2 1 0.25 0.2 1 1 17.5 12.5 1 0.05 70
171 PFT9clonal3 100 0.05 0.5 0.1 1000 0.1 0.6 0.5 60 1 1 2 1 0.25 0.2 1 1 17.5 12.5 1 0.05 70
172 PFT10clonal3 100 0.05 1 1 5000 1 0.1 0.5 60 0.75 0.5 2 1 0.25 0.2 1 1 17.5 12.5 1 0.05 70
173 PFT11clonal3 100 0.05 1 0.3 2000 0.3 0.3 0.5 60 0.75 0.5 2 1 0.25 0.2 1 1 17.5 12.5 1 0.05 70
174 PFT12clonal3 100 0.05 1 0.1 1000 0.1 0.6 0.5 60 0.75 0.5 2 1 0.25 0.2 1 1 17.5 12.5 1 0.05 70
175 PFT13clonal3 100 0.05 0.75 1 5000 1 0.1 0.5 60 0.75 0.5 2 1 0.25 0.2 1 1 17.5 12.5 1 0.05 70
176 PFT14clonal3 100 0.05 0.75 0.3 2000 0.3 0.3 0.5 60 0.75 0.5 2 1 0.25 0.2 1 1 17.5 12.5 1 0.05 70
177 PFT15clonal3 100 0.05 0.75 0.1 1000 0.1 0.6 0.5 60 0.75 0.5 2 1 0.25 0.2 1 1 17.5 12.5 1 0.05 70
178 PFT16clonal3 100 0.05 0.5 1 5000 1 0.1 0.5 60 0.75 0.5 2 1 0.25 0.2 1 1 17.5 12.5 1 0.05 70
179 PFT17clonal3 100 0.05 0.5 0.3 2000 0.3 0.3 0.5 60 0.75 0.5 2 1 0.25 0.2 1 1 17.5 12.5 1 0.05 70
180 PFT18clonal3 100 0.05 0.5 0.1 1000 0.1 0.6 0.5 60 0.75 0.5 2 1 0.25 0.2 1 1 17.5 12.5 1 0.05 70
181 PFT19clonal3 100 0.05 1 1 5000 1 0.1 0.5 60 0.5 0.25 2 1 0.25 0.2 1 1 17.5 12.5 1 0.05 70
182 PFT20clonal3 100 0.05 1 0.3 2000 0.3 0.3 0.5 60 0.5 0.25 2 1 0.25 0.2 1 1 17.5 12.5 1 0.05 70
183 PFT21clonal3 100 0.05 1 0.1 1000 0.1 0.6 0.5 60 0.5 0.25 2 1 0.25 0.2 1 1 17.5 12.5 1 0.05 70
184 PFT22clonal3 100 0.05 0.75 1 5000 1 0.1 0.5 60 0.5 0.25 2 1 0.25 0.2 1 1 17.5 12.5 1 0.05 70
185 PFT23clonal3 100 0.05 0.75 0.3 2000 0.3 0.3 0.5 60 0.5 0.25 2 1 0.25 0.2 1 1 17.5 12.5 1 0.05 70
186 PFT24clonal3 100 0.05 0.75 0.1 1000 0.1 0.6 0.5 60 0.5 0.25 2 1 0.25 0.2 1 1 17.5 12.5 1 0.05 70
187 PFT25clonal3 100 0.05 0.5 1 5000 1 0.1 0.5 60 0.5 0.25 2 1 0.25 0.2 1 1 17.5 12.5 1 0.05 70
188 PFT26clonal3 100 0.05 0.5 0.3 2000 0.3 0.3 0.5 60 0.5 0.25 2 1 0.25 0.2 1 1 17.5 12.5 1 0.05 70
189 PFT27clonal3 100 0.05 0.5 0.1 1000 0.1 0.6 0.5 60 0.5 0.25 2 1 0.25 0.2 1 1 17.5 12.5 1 0.05 70
190 PFT28clonal3 100 0.05 1 1 5000 1 0.1 0.5 40 1 1 4 1 0.25 0.2 1 1 17.5 12.5 1 0.05 70
191 PFT29clonal3 100 0.05 1 0.3 2000 0.3 0.3 0.5 40 1 1 4 1 0.25 0.2 1 1 17.5 12.5 1 0.05 70
192 PFT30clonal3 100 0.05 1 0.1 1000 0.1 0.6 0.5 40 1 1 4 1 0.25 0.2 1 1 17.5 12.5 1 0.05 70
193 PFT31clonal3 100 0.05 0.75 1 5000 1 0.1 0.5 40 1 1 4 1 0.25 0.2 1 1 17.5 12.5 1 0.05 70
194 PFT32clonal3 100 0.05 0.75 0.3 2000 0.3 0.3 0.5 40 1 1 4 1 0.25 0.2 1 1 17.5 12.5 1 0.05 70
195 PFT33clonal3 100 0.05 0.75 0.1 1000 0.1 0.6 0.5 40 1 1 4 1 0.25 0.2 1 1 17.5 12.5 1 0.05 70
196 PFT34clonal3 100 0.05 0.5 1 5000 1 0.1 0.5 40 1 1 4 1 0.25 0.2 1 1 17.5 12.5 1 0.05 70
197 PFT35clonal3 100 0.05 0.5 0.3 2000 0.3 0.3 0.5 40 1 1 4 1 0.25 0.2 1 1 17.5 12.5 1 0.05 70
198 PFT36clonal3 100 0.05 0.5 0.1 1000 0.1 0.6 0.5 40 1 1 4 1 0.25 0.2 1 1 17.5 12.5 1 0.05 70
199 PFT37clonal3 100 0.05 1 1 5000 1 0.1 0.5 40 0.75 0.5 4 1 0.25 0.2 1 1 17.5 12.5 1 0.05 70
200 PFT38clonal3 100 0.05 1 0.3 2000 0.3 0.3 0.5 40 0.75 0.5 4 1 0.25 0.2 1 1 17.5 12.5 1 0.05 70
201 PFT39clonal3 100 0.05 1 0.1 1000 0.1 0.6 0.5 40 0.75 0.5 4 1 0.25 0.2 1 1 17.5 12.5 1 0.05 70
202 PFT40clonal3 100 0.05 0.75 1 5000 1 0.1 0.5 40 0.75 0.5 4 1 0.25 0.2 1 1 17.5 12.5 1 0.05 70
203 PFT41clonal3 100 0.05 0.75 0.3 2000 0.3 0.3 0.5 40 0.75 0.5 4 1 0.25 0.2 1 1 17.5 12.5 1 0.05 70
204 PFT42clonal3 100 0.05 0.75 0.1 1000 0.1 0.6 0.5 40 0.75 0.5 4 1 0.25 0.2 1 1 17.5 12.5 1 0.05 70
205 PFT43clonal3 100 0.05 0.5 1 5000 1 0.1 0.5 40 0.75 0.5 4 1 0.25 0.2 1 1 17.5 12.5 1 0.05 70
206 PFT44clonal3 100 0.05 0.5 0.3 2000 0.3 0.3 0.5 40 0.75 0.5 4 1 0.25 0.2 1 1 17.5 12.5 1 0.05 70
207 PFT45clonal3 100 0.05 0.5 0.1 1000 0.1 0.6 0.5 40 0.75 0.5 4 1 0.25 0.2 1 1 17.5 12.5 1 0.05 70
208 PFT46clonal3 100 0.05 1 1 5000 1 0.1 0.5 40 0.5 0.25 4 1 0.25 0.2 1 1 17.5 12.5 1 0.05 70
209 PFT47clonal3 100 0.05 1 0.3 2000 0.3 0.3 0.5 40 0.5 0.25 4 1 0.25 0.2 1 1 17.5 12.5 1 0.05 70
210 PFT48clonal3 100 0.05 1 0.1 1000 0.1 0.6 0.5 40 0.5 0.25 4 1 0.25 0.2 1 1 17.5 12.5 1 0.05 70
211 PFT49clonal3 100 0.05 0.75 1 5000 1 0.1 0.5 40 0.5 0.25 4 1 0.25 0.2 1 1 17.5 12.5 1 0.05 70
212 PFT50clonal3 100 0.05 0.75 0.3 2000 0.3 0.3 0.5 40 0.5 0.25 4 1 0.25 0.2 1 1 17.5 12.5 1 0.05 70
213 PFT51clonal3 100 0.05 0.75 0.1 1000 0.1 0.6 0.5 40 0.5 0.25 4 1 0.25 0.2 1 1 17.5 12.5 1 0.05 70
214 PFT52clonal3 100 0.05 0.5 1 5000 1 0.1 0.5 40 0.5 0.25 4 1 0.25 0.2 1 1 17.5 12.5 1 0.05 70
215 PFT53clonal3 100 0.05 0.5 0.3 2000 0.3 0.3 0.5 40 0.5 0.25 4 1 0.25 0.2 1 1 17.5 12.5 1 0.05 70
216 PFT54clonal3 100 0.05 0.5 0.1 1000 0.1 0.6 0.5 40 0.5 0.25 4 1 0.25 0.2 1 1 17.5 12.5 1 0.05 70
217 PFT55clonal3 100 0.05 1 1 5000 1 0.1 0.5 20 1 1 6 1 0.25 0.2 1 1 17.5 12.5 1 0.05 70
218 PFT56clonal3 100 0.05 1 0.3 2000 0.3 0.3 0.5 20 1 1 6 1 0.25 0.2 1 1 17.5 12.5 1 0.05 70
219 PFT57clonal3 100 0.05 1 0.1 1000 0.1 0.6 0.5 20 1 1 6 1 0.25 0.2 1 1 17.5 12.5 1 0.05 70
220 PFT58clonal3 100 0.05 0.75 1 5000 1 0.1 0.5 20 1 1 6 1 0.25 0.2 1 1 17.5 12.5 1 0.05 70
221 PFT59clonal3 100 0.05 0.75 0.3 2000 0.3 0.3 0.5 20 1 1 6 1 0.25 0.2 1 1 17.5 12.5 1 0.05 70
222 PFT60clonal3 100 0.05 0.75 0.1 1000 0.1 0.6 0.5 20 1 1 6 1 0.25 0.2 1 1 17.5 12.5 1 0.05 70
223 PFT61clonal3 100 0.05 0.5 1 5000 1 0.1 0.5 20 1 1 6 1 0.25 0.2 1 1 17.5 12.5 1 0.05 70
224 PFT62clonal3 100 0.05 0.5 0.3 2000 0.3 0.3 0.5 20 1 1 6 1 0.25 0.2 1 1 17.5 12.5 1 0.05 70
225 PFT63clonal3 100 0.05 0.5 0.1 1000 0.1 0.6 0.5 20 1 1 6 1 0.25 0.2 1 1 17.5 12.5 1 0.05 70
226 PFT64clonal3 100 0.05 1 1 5000 1 0.1 0.5 20 0.75 0.5 6 1 0.25 0.2 1 1 17.5 12.5 1 0.05 70
227 PFT65clonal3 100 0.05 1 0.3 2000 0.3 0.3 0.5 20 0.75 0.5 6 1 0.25 0.2 1 1 17.5 12.5 1 0.05 70
228 PFT66clonal3 100 0.05 1 0.1 1000 0.1 0.6 0.5 20 0.75 0.5 6 1 0.25 0.2 1 1 17.5 12.5 1 0.05 70
229 PFT67clonal3 100 0.05 0.75 1 5000 1 0.1 0.5 20 0.75 0.5 6 1 0.25 0.2 1 1 17.5 12.5 1 0.05 70
230 PFT68clonal3 100 0.05 0.75 0.3 2000 0.3 0.3 0.5 20 0.75 0.5 6 1 0.25 0.2 1 1 17.5 12.5 1 0.05 70
231 PFT69clonal3 100 0.05 0.75 0.1 1000 0.1 0.6 0.5 20 0.75 0.5 6 1 0.25 0.2 1 1 17.5 12.5 1 0.05 70
232 PFT70clonal3 100 0.05 0.5 1 5000 1 0.1 0.5 20 0.75 0.5 6 1 0.25 0.2 1 1 17.5 12.5 1 0.05 70
233 PFT71clonal3 100 0.05 0.5 0.3 2000 0.3 0.3 0.5 20 0.75 0.5 6 1 0.25 0.2 1 1 17.5 12.5 1 0.05 70
234 PFT72clonal3 100 0.05 0.5 0.1 1000 0.1 0.6 0.5 20 0.75 0.5 6 1 0.25 0.2 1 1 17.5 12.5 1 0.05 70
235 PFT73clonal3 100 0.05 1 1 5000 1 0.1 0.5 20 0.5 0.25 6 1 0.25 0.2 1 1 17.5 12.5 1 0.05 70
236 PFT74clonal3 100 0.05 1 0.3 2000 0.3 0.3 0.5 20 0.5 0.25 6 1 0.25 0.2 1 1 17.5 12.5 1 0.05 70
237 PFT75clonal3 100 0.05 1 0.1 1000 0.1 0.6 0.5 20 0.5 0.25 6 1 0.25 0.2 1 1 17.5 12.5 1 0.05 70
238 PFT76clonal3 100 0.05 0.75 1 5000 1 0.1 0.5 20 0.5 0.25 6 1 0.25 0.2 1 1 17.5 12.5 1 0.05 70
239 PFT77clonal3 100 0.05 0.75 0.3 2000 0.3 0.3 0.5 20 0.5 0.25 6 1 0.25 0.2 1 1 17.5 12.5 1 0.05 70
240 PFT78clonal3 100 0.05 0.75 0.1 1000 0.1 0.6 0.5 20 0.5 0.25 6 1 0.25 0.2 1 1 17.5 12.5 1 0.05 70
241 PFT79clonal3 100 0.05 0.5 1 5000 1 0.1 0.5 20 0.5 0.25 6 1 0.25 0.2 1 1 17.5 12.5 1 0.05 70
242 PFT80clonal3 100 0.05 0.5 0.3 2000 0.3 0.3 0.5 20 0.5 0.25 6 1 0.25 0.2 1 1 17.5 12.5 1 0.05 70
243 PFT81clonal3 100 0.05 0.5 0.1 1000 0.1 0.6 0.5 20 0.5 0.25 6 1 0.25 0.2 1 1 17.5 12.5 1 0.05 70
244 PFT1clonal4 100 0.05 1 1 5000 1 0.1 0.5 60 1 1 2 1 0.25 0.2 1 1 17.5 12.5 0 0.05 70
245 PFT2clonal4 100 0.05 1 0.3 2000 0.3 0.3 0.5 60 1 1 2 1 0.25 0.2 1 1 17.5 12.5 0 0.05 70
246 PFT3clonal4 100 0.05 1 0.1 1000 0.1 0.6 0.5 60 1 1 2 1 0.25 0.2 1 1 17.5 12.5 0 0.05 70
247 PFT4clonal4 100 0.05 0.75 1 5000 1 0.1 0.5 60 1 1 2 1 0.25 0.2 1 1 17.5 12.5 0 0.05 70
248 PFT5clonal4 100 0.05 0.75 0.3 2000 0.3 0.3 0.5 60 1 1 2 1 0.25 0.2 1 1 17.5 12.5 0 0.05 70
249 PFT6clonal4 100 0.05 0.75 0.1 1000 0.1 0.6 0.5 60 1 1 2 1 0.25 0.2 1 1 17.5 12.5 0 0.05 70
250 PFT7clonal4 100 0.05 0.5 1 5000 1 0.1 0.5 60 1 1 2 1 0.25 0.2 1 1 17.5 12.5 0 0.05 70
251 PFT8clonal4 100 0.05 0.5 0.3 2000 0.3 0.3 0.5 60 1 1 2 1 0.25 0.2 1 1 17.5 12.5 0 0.05 70
252 PFT9clonal4 100 0.05 0.5 0.1 1000 0.1 0.6 0.5 60 1 1 2 1 0.25 0.2 1 1 17.5 12.5 0 0.05 70
253 PFT10clonal4 100 0.05 1 1 5000 1 0.1 0.5 60 0.75 0.5 2 1 0.25 0.2 1 1 17.5 12.5 0 0.05 70
254 PFT11clonal4 100 0.05 1 0.3 2000 0.3 0.3 0.5 60 0.75 0.5 2 1 0.25 0.2 1 1 17.5 12.5 0 0.05 70
255 PFT12clonal4 100 0.05 1 0.1 1000 0.1 0.6 0.5 60 0.75 0.5 2 1 0.25 0.2 1 1 17.5 12.5 0 0.05 70
256 PFT13clonal4 100 0.05 0.75 1 5000 1 0.1 0.5 60 0.75 0.5 2 1 0.25 0.2 1 1 17.5 12.5 0 0.05 70
257 PFT14clonal4 100 0.05 0.75 0.3 2000 0.3 0.3 0.5 60 0.75 0.5 2 1 0.25 0.2 1 1 17.5 12.5 0 0.05 70
258 PFT15clonal4 100 0.05 0.75 0.1 1000 0.1 0.6 0.5 60 0.75 0.5 2 1 0.25 0.2 1 1 17.5 12.5 0 0.05 70
259 PFT16clonal4 100 0.05 0.5 1 5000 1 0.1 0.5 60 0.75 0.5 2 1 0.25 0.2 1 1 17.5 12.5 0 0.05 70
260 PFT17clonal4 100 0.05 0.5 0.3 2000 0.3 0.3 0.5 60 0.75 0.5 2 1 0.25 0.2 1 1 17.5 12.5 0 0.05 70
261 PFT18clonal4 100 0.05 0.5 0.1 1000 0.1 0.6 0.5 60 0.75 0.5 2 1 0.25 0.2 1 1 17.5 12.5 0 0.05 70
262 PFT19clonal4 100 0.05 1 1 5000 1 0.1 0.5 60 0.5 0.25 2 1 0.25 0.2 1 1 17.5 12.5 0 0.05 70
263 PFT20clonal4 100 0.05 1 0.3 2000 0.3 0.3 0.5 60 0.5 0.25 2 1 0.25 0.2 1 1 17.5 12.5 0 0.05 70
264 PFT21clonal4 100 0.05 1 0.1 1000 0.1 0.6 0.5 60 0.5 0.25 2 1 0.25 0.2 1 1 17.5 12.5 0 0.05 70
265 PFT22clonal4 100 0.05 0.75 1 5000 1 0.1 0.5 60 0.5 0.25 2 1 0.25 0.2 1 1 17.5 12.5 0 0.05 70
266 PFT23clonal4 100 0.05 0.75 0.3 2000 0.3 0.3 0.5 60 0.5 0.25 2 1 0.25 0.2 1 1 17.5 12.5 0 0.05 70
267 PFT24clonal4 100 0.05 0.75 0.1 1000 0.1 0.6 0.5 60 0.5 0.25 2 1 0.25 0.2 1 1 17.5 12.5 0 0.05 70
268 PFT25clonal4 100 0.05 0.5 1 5000 1 0.1 0.5 60 0.5 0.25 2 1 0.25 0.2 1 1 17.5 12.5 0 0.05 70
269 PFT26clonal4 100 0.05 0.5 0.3 2000 0.3 0.3 0.5 60 0.5 0.25 2 1 0.25 0.2 1 1 17.5 12.5 0 0.05 70
270 PFT27clonal4 100 0.05 0.5 0.1 1000 0.1 0.6 0.5 60 0.5 0.25 2 1 0.25 0.2 1 1 17.5 12.5 0 0.05 70
271 PFT28clonal4 100 0.05 1 1 5000 1 0.1 0.5 40 1 1 4 1 0.25 0.2 1 1 17.5 12.5 0 0.05 70
272 PFT29clonal4 100 0.05 1 0.3 2000 0.3 0.3 0.5 40 1 1 4 1 0.25 0.2 1 1 17.5 12.5 0 0.05 70
273 PFT30clonal4 100 0.05 1 0.1 1000 0.1 0.6 0.5 40 1 1 4 1 0.25 0.2 1 1 17.5 12.5 0 0.05 70
274 PFT31clonal4 100 0.05 0.75 1 5000 1 0.1 0.5 40 1 1 4 1 0.25 0.2 1 1 17.5 12.5 0 0.05 70
275 PFT32clonal4 100 0.05 0.75 0.3 2000 0.3 0.3 0.5 40 1 1 4 1 0.25 0.2 1 1 17.5 12.5 0 0.05 70
276 PFT33clonal4 100 0.05 0.75 0.1 1000 0.1 0.6 0.5 40 1 1 4 1 0.25 0.2 1 1 17.5 12.5 0 0.05 70
277 PFT34clonal4 100 0.05 0.5 1 5000 1 0.1 0.5 40 1 1 4 1 0.25 0.2 1 1 17.5 12.5 0 0.05 70
278 PFT35clonal4 100 0.05 0.5 0.3 2000 0.3 0.3 0.5 40 1 1 4 1 0.25 0.2 1 1 17.5 12.5 0 0.05 70
279 PFT36clonal4 100 0.05 0.5 0.1 1000 0.1 0.6 0.5 40 1 1 4 1 0.25 0.2 1 1 17.5 12.5 0 0.05 70
280 PFT37clonal4 100 0.05 1 1 5000 1 0.1 0.5 40 0.75 0.5 4 1 0.25 0.2 1 1 17.5 12.5 0 0.05 70
281 PFT38clonal4 100 0.05 1 0.3 2000 0.3 0.3 0.5 40 0.75 0.5 4 1 0.25 0.2 1 1 17.5 12.5 0 0.05 70
282 PFT39clonal4 100 0.05 1 0.1 1000 0.1 0.6 0.5 40 0.75 0.5 4 1 0.25 0.2 1 1 17.5 12.5 0 0.05 70
283 PFT40clonal4 100 0.05 0.75 1 5000 1 0.1 0.5 40 0.75 0.5 4 1 0.25 0.2 1 1 17.5 12.5 0 0.05 70
284 PFT41clonal4 100 0.05 0.75 0.3 2000 0.3 0.3 0.5 40 0.75 0.5 4 1 0.25 0.2 1 1 17.5 12.5 0 0.05 70
285 PFT42clonal4 100 0.05 0.75 0.1 1000 0.1 0.6 0.5 40 0.75 0.5 4 1 0.25 0.2 1 1 17.5 12.5 0 0.05 70
286 PFT43clonal4 100 0.05 0.5 1 5000 1 0.1 0.5 40 0.75 0.5 4 1 0.25 0.2 1 1 17.5 12.5 0 0.05 70
287 PFT44clonal4 100 0.05 0.5 0.3 2000 0.3 0.3 0.5 40 0.75 0.5 4 1 0.25 0.2 1 1 17.5 12.5 0 0.05 70
288 PFT45clonal4 100 0.05 0.5 0.1 1000 0.1 0.6 0.5 40 0.75 0.5 4 1 0.25 0.2 1 1 17.5 12.5 0 0.05 70
289 PFT46clonal4 100 0.05 1 1 5000 1 0.1 0.5 40 0.5 0.25 4 1 0.25 0.2 1 1 17.5 12.5 0 0.05 70
290 PFT47clonal4 100 0.05 1 0.3 2000 0.3 0.3 0.5 40 0.5 0.25 4 1 0.25 0.2 1 1 17.5 12.5 0 0.05 70
291 PFT48clonal4 100 0.05 1 0.1 1000 0.1 0.6 0.5 40 0.5 0.25 4 1 0.25 0.2 1 1 17.5 12.5 0 0.05 70
292 PFT49clonal4 100 0.05 0.75 1 5000 1 0.1 0.5 40 0.5 0.25 4 1 0.25 0.2 1 1 17.5 12.5 0 0.05 70
293 PFT50clonal4 100 0.05 0.75 0.3 2000 0.3 0.3 0.5 40 0.5 0.25 4 1 0.25 0.2 1 1 17.5 12.5 0 0.05 70
294 PFT51clonal4 100 0.05 0.75 0.1 1000 0.1 0.6 0.5 40 0.5 0.25 4 1 0.25 0.2 1 1 17.5 12.5 0 0.05 70
295 PFT52clonal4 100 0.05 0.5 1 5000 1 0.1 0.5 40 0.5 0.25 4 1 0.25 0.2 1 1 17.5 12.5 0 0.05 70
296 PFT53clonal4 100 0.05 0.5 0.3 2000 0.3 0.3 0.5 40 0.5 0.25 4 1 0.25 0.2 1 1 17.5 12.5 0 0.05 70
297 PFT54clonal4 100 0.05 0.5 0.1 1000 0.1 0.6 0.5 40 0.5 0.25 4 1 0.25 0.2 1 1 17.5 12.5 0 0.05 70
298 PFT55clonal4 100 0.05 1 1 5000 1 0.1 0.5 20 1 1 6 1 0.25 0.2 1 1 17.5 12.5 0 0.05 70
299 PFT56clonal4 100 0.05 1 0.3 2000 0.3 0.3 0.5 20 1 1 6 1 0.25 0.2 1 1 17.5 12.5 0 0.05 70
300 PFT57clonal4 100 0.05 1 0.1 1000 0.1 0.6 0.5 20 1 1 6 1 0.25 0.2 1 1 17.5 12.5 0 0.05 70
301 PFT58clonal4 100 0.05 0.75 1 5000 1 0.1 0.5 20 1 1 6 1 0.25 0.2 1 1 17.5 12.5 0 0.05 70
302 PFT59clonal4 100 0.05 0.75 0.3 2000 0.3 0.3 0.5 20 1 1 6 1 0.25 0.2 1 1 17.5 12.5 0 0.05 70
303 PFT60clonal4 100 0.05 0.75 0.1 1000 0.1 0.6 0.5 20 1 1 6 1 0.25 0.2 1 1 17.5 12.5 0 0.05 70
304 PFT61clonal4 100 0.05 0.5 1 5000 1 0.1 0.5 20 1 1 6 1 0.25 0.2 1 1 17.5 12.5 0 0.05 70
305 PFT62clonal4 100 0.05 0.5 0.3 2000 0.3 0.3 0.5 20 1 1 6 1 0.25 0.2 1 1 17.5 12.5 0 0.05 70
306 PFT63clonal4 100 0.05 0.5 0.1 1000 0.1 0.6 0.5 20 1 1 6 1 0.25 0.2 1 1 17.5 12.5 0 0.05 70
307 PFT64clonal4 100 0.05 1 1 5000 1 0.1 0.5 20 0.75 0.5 6 1 0.25 0.2 1 1 17.5 12.5 0 0.05 70
308 PFT65clonal4 100 0.05 1 0.3 2000 0.3 0.3 0.5 20 0.75 0.5 6 1 0.25 0.2 1 1 17.5 12.5 0 0.05 70
309 PFT66clonal4 100 0.05 1 0.1 1000 0.1 0.6 0.5 20 0.75 0.5 6 1 0.25 0.2 1 1 17.5 12.5 0 0.05 70
310 PFT67clonal4 100 0.05 0.75 1 5000 1 0.1 0.5 20 0.75 0.5 6 1 0.25 0.2 1 1 17.5 12.5 0 0.05 70
311 PFT68clonal4 100 0.05 0.75 0.3 2000 0.3 0.3 0.5 20 0.75 0.5 6 1 0.25 0.2 1 1 17.5 12.5 0 0.05 70
312 PFT69clonal4 100 0.05 0.75 0.1 1000 0.1 0.6 0.5 20 0.75 0.5 6 1 0.25 0.2 1 1 17.5 12.5 0 0.05 70
313 PFT70clonal4 100 0.05 0.5 1 5000 1 0.1 0.5 20 0.75 0.5 6 1 0.25 0.2 1 1 17.5 12.5 0 0.05 70
314 PFT71clonal4 100 0.05 0.5 0.3 2000 0.3 0.3 0.5 20 0.75 0.5 6 1 0.25 0.2 1 1 17.5 12.5 0 0.05 70
315 PFT72clonal4 100 0.05 0.5 0.1 1000 0.1 0.6 0.5 20 0.75 0.5 6 1 0.25 0.2 1 1 17.5 12.5 0 0.05 70
316 PFT73clonal4 100 0.05 1 1 5000 1 0.1 0.5 20 0.5 0.25 6 1 0.25 0.2 1 1 17.5 12.5 0 0.05 70
317 PFT74clonal4 100 0.05 1 0.3 2000 0.3 0.3 0.5 20 0.5 0.25 6 1 0.25 0.2 1 1 17.5 12.5 0 0.05 70
318 PFT75clonal4 100 0.05 1 0.1 1000 0.1 0.6 0.5 20 0.5 0.25 6 1 0.25 0.2 1 1 17.5 12.5 0 0.05 70
319 PFT76clonal4 100 0.05 0.75 1 5000 1 0.1 0.5 20 0.5 0.25 6 1 0.25 0.2 1 1 17.5 12.5 0 0.05 70
320 PFT77clonal4 100 0.05 0.75 0.3 2000 0.3 0.3 0.5 20 0.5 0.25 6 1 0.25 0.2 1 1 17.5 12.5 0 0.05 70
321 PFT78clonal4 100 0.05 0.75 0.1 1000 0.1 0.6 0.5 20 0.5 0.25 6 1 0.25 0.2 1 1 17.5 12.5 0 0.05 70
322 PFT79clonal4 100 0.05 0.5 1 5000 1 0.1 0.5 20 0.5 0.25 6 1 0.25 0.2 1 1 17.5 12.5 0 0.05 70
323 PFT80clonal4 100 0.05 0.5 0.3 2000 0.3 0.3 0.5 20 0.5 0.25 6 1 0.25 0.2 1 1 17.5 12.5 0 0.05 70
324 PFT81clonal4 100 0.05 0.5 0.1 1000 0.1 0.6 0.5 20 0.5 0.25 6 1 0.25 0.2 1 1 17.5 12.5 0 0.05 70
325 PFT1clonal5 100 0.05 1 1 5000 1 0.1 0.5 60 1 1 2 1 0.25 0.2 1 0.1 2.5 2.5 1 0.05 70
326 PFT2clonal5 100 0.05 1 0.3 2000 0.3 0.3 0.5 60 1 1 2 1 0.25 0.2 1 0.1 2.5 2.5 1 0.05 70
327 PFT3clonal5 100 0.05 1 0.1 1000 0.1 0.6 0.5 60 1 1 2 1 0.25 0.2 1 0.1 2.5 2.5 1 0.05 70
328 PFT4clonal5 100 0.05 0.75 1 5000 1 0.1 0.5 60 1 1 2 1 0.25 0.2 1 0.1 2.5 2.5 1 0.05 70
329 PFT5clonal5 100 0.05 0.75 0.3 2000 0.3 0.3 0.5 60 1 1 2 1 0.25 0.2 1 0.1 2.5 2.5 1 0.05 70
330 PFT6clonal5 100 0.05 0.75 0.1 1000 0.1 0.6 0.5 60 1 1 2 1 0.25 0.2 1 0.1 2.5 2.5 1 0.05 70
331 PFT7clonal5 100 0.05 0.5 1 5000 1 0.1 0.5 60 1 1 2 1 0.25 0.2 1 0.1 2.5 2.5 1 0.05 70
332 PFT8clonal5 100 0.05 0.5 0.3 2000 0.3 0.3 0.5 60 1 1 2 1 0.25 0.2 1 0.1 2.5 2.5 1 0.05 70
333 PFT9clonal5 100 0.05 0.5 0.1 1000 0.1 0.6 0.5 60 1 1 2 1 0.25 0.2 1 0.1 2.5 2.5 1 0.05 70
334 PFT10clonal5 100 0.05 1 1 5000 1 0.1 0.5 60 0.75 0.5 2 1 0.25 0.2 1 0.1 2.5 2.5 1 0.05 70
335 PFT11clonal5 100 0.05 1 0.3 2000 0.3 0.3 0.5 60 0.75 0.5 2 1 0.25 0.2 1 0.1 2.5 2.5 1 0.05 70
336 PFT12clonal5 100 0.05 1 0.1 1000 0.1 0.6 0.5 60 0.75 0.5 2 1 0.25 0.2 1 0.1 2.5 2.5 1 0.05 70
337 PFT13clonal5 100 0.05 0.75 1 5000 1 0.1 0.5 60 0.75 0.5 2 1 0.25 0.2 1 0.1 2.5 2.5 1 0.05 70
338 PFT14clonal5 100 0.05 0.75 0.3 2000 0.3 0.3 0.5 60 0.75 0.5 2 1 0.25 0.2 1 0.1 2.5 2.5 1 0.05 70
339 PFT15clonal5 100 0.05 0.75 0.1 1000 0.1 0.6 0.5 60 0.75 0.5 2 1 0.25 0.2 1 0.1 2.5 2.5 1 0.05 70
340 PFT16clonal5 100 0.05 0.5 1 5000 1 0.1 0.5 60 0.75 0.5 2 1 0.25 0.2 1 0.1 2.5 2.5 1 0.05 70
341 PFT17clonal5 100 0.05 0.5 0.3 2000 0.3 0.3 0.5 60 0.75 0.5 2 1 0.25 0.2 1 0.1 2.5 2.5 1 0.05 70
342 PFT18clonal5 100 0.05 0.5 0.1 1000 0.1 0.6 0.5 60 0.75 0.5 2 1 0.25 0.2 1 0.1 2.5 2.5 1 0.05 70
343 PFT19clonal5 100 0.05 1 1 5000 1 0.1 0.5 60 0.5 0.25 2 1 0.25 0.2 1 0.1 2.5 2.5 1 0.05 70
344 PFT20clonal5 100 0.05 1 0.3 2000 0.3 0.3 0.5 60 0.5 0.25 2 1 0.25 0.2 1 0.1 2.5 2.5 1 0.05 70
345 PFT21clonal5 100 0.05 1 0.1 1000 0.1 0.6 0.5 60 0.5 0.25 2 1 0.25 0.2 1 0.1 2.5 2.5 1 0.05 70
346 PFT22clonal5 100 0.05 0.75 1 5000 1 0.1 0.5 60 0.5 0.25 2 1 0.25 0.2 1 0.1 2.5 2.5 1 0.05 70
347 PFT23clonal5 100 0.05 0.75 0.3 2000 0.3 0.3 0.5 60 0.5 0.25 2 1 0.25 0.2 1 0.1 2.5 2.5 1 0.05 70
348 PFT24clonal5 100 0.05 0.75 0.1 1000 0.1 0.6 0.5 60 0.5 0.25 2 1 0.25 0.2 1 0.1 2.5 2.5 1 0.05 70
349 PFT25clonal5 100 0.05 0.5 1 5000 1 0.1 0.5 60 0.5 0.25 2 1 0.25 0.2 1 0.1 2.5 2.5 1 0.05 70
350 PFT26clonal5 100 0.05 0.5 0.3 2000 0.3 0.3 0.5 60 0.5 0.25 2 1 0.25 0.2 1 0.1 2.5 2.5 1 0.05 70
351 PFT27clonal5 100 0.05 0.5 0.1 1000 0.1 0.6 0.5 60 0.5 0.25 2 1 0.25 0.2 1 0.1 2.5 2.5 1 0.05 70
352 PFT28clonal5 100 0.05 1 1 5000 1 0.1 0.5 40 1 1 4 1 0.25 0.2 1 0.1 2.5 2.5 1 0.05 70
353 PFT29clonal5 100 0.05 1 0.3 2000 0.3 0.3 0.5 40 1 1 4 1 0.25 0.2 1 0.1 2.5 2.5 1 0.05 70
354 PFT30clonal5 100 0.05 1 0.1 1000 0.1 0.6 0.5 40 1 1 4 1 0.25 0.2 1 0.1 2.5 2.5 1 0.05 70
355 PFT31clonal5 100 0.05 0.75 1 5000 1 0.1 0.5 40 1 1 4 1 0.25 0.2 1 0.1 2.5 2.5 1 0.05 70
356 PFT32clonal5 100 0.05 0.75 0.3 2000 0.3 0.3 0.5 40 1 1 4 1 0.25 0.2 1 0.1 2.5 2.5 1 0.05 70
357 PFT33clonal5 100 0.05 0.75 0.1 1000 0.1 0.6 0.5 40 1 1 4 1 0.25 0.2 1 0.1 2.5 2.5 1 0.05 70
358 PFT34clonal5 100 0.05 0.5 1 5000 1 0.1 0.5 40 1 1 4 1 0.25 0.2 1 0.1 2.5 2.5 1 0.05 70
359 PFT35clonal5 100 0.05 0.5 0.3 2000 0.3 0.3 0.5 40 1 1 4 1 0.25 0.2 1 0.1 2.5 2.5 1 0.05 70
360 PFT36clonal5 100 0.05 0.5 0.1 1000 0.1 0.6 0.5 40 1 1 4 1 0.25 0.2 1 0.1 2.5 2.5 1 0.05 70
361 PFT37clonal5 100 0.05 1 1 5000 1 0.1 0.5 40 0.75 0.5 4 1 0.25 0.2 1 0.1 2.5 2.5 1 0.05 70
362 PFT38clonal5 100 0.05 1 0.3 2000 0.3 0.3 0.5 40 0.75 0.5 4 1 0.25 0.2 1 0.1 2.5 2.5 1 0.05 70
363 PFT39clonal5 100 0.05 1 0.1 1000 0.1 0.6 0.5 40 0.75 0.5 4 1 0.25 0.2 1 0.1 2.5 2.5 1 0.05 70
364 PFT40clonal5 100 0.05 0.75 1 5000 1 0.1 0.5 40 0.75 0.5 4 1 0.25 0.2 1 0.1 2.5 2.5 1 0.05 70
365 PFT41clonal5 100 0.05 0.75 0.3 2000 0.3 0.3 0.5 40 0.75 0.5 4 1 0.25 0.2 1 0.1 2.5 2.5 1 0.05 70
366 PFT42clonal5 100 0.05 0.75 0.1 1000 0.1 0.6 0.5 40 0.75 0.5 4 1 0.25 0.2 1 0.1 2.5 2.5 1 0.05 70
367 PFT43clonal5 100 0.05 0.5 1 5000 1 0.1 0.5 40 0.75 0.5 4 1 0.25 0.2 1 0.1 2.5 2.5 1 0.05 70
368 PFT44clonal5 100 0.05 0.5 0.3 2000 0.3 0.3 0.5 40 0.75 0.5 4 1 0.25 0.2 1 0.1 2.5 2.5 1 0.05 70
369 PFT45clonal5 100 0.05 0.5 0.1 1000 0.1 0.6 0.5 40 0.75 0.5 4 1 0.25 0.2 1 0.1 2.5 2.5 1 0.05 70
370 PFT46clonal5 100 0.05 1 1 5000 1 0.1 0.5 40 0.5 0.25 4 1 0.25 0.2 1 0.1 2.5 2.5 1 0.05 70
371 PFT47clonal5 100 0.05 1 0.3 2000 0.3 0.3 0.5 40 0.5 0.25 4 1 0.25 0.2 1 0.1 2.5 2.5 1 0.05 70
372 PFT48clonal5 100 0.05 1 0.1 1000 0.1 0.6 0.5 40 0.5 0.25 4 1 0.25 0.2 1 0.1 2.5 2.5 1 0.05 70
373 PFT49clonal5 100 0.05 0.75 1 5000 1 0.1 0.5 40 0.5 0.25 4 1 0.25 0.2 1 0.1 2.5 2.5 1 0.05 70
374 PFT50clonal5 100 0.05 0.75 0.3 2000 0.3 0.3 0.5 40 0.5 0.25 4 1 0.25 0.2 1 0.1 2.5 2.5 1 0.05 70
375 PFT51clonal5 100 0.05 0.75 0.1 1000 0.1 0.6 0.5 40 0.5 0.25 4 1 0.25 0.2 1 0.1 2.5 2.5 1 0.05 70
376 PFT52clonal5 100 0.05 0.5 1 5000 1 0.1 0.5 40 0.5 0.25 4 1 0.25 0.2 1 0.1 2.5 2.5 1 0.05 70
377 PFT53clonal5 100 0.05 0.5 0.3 2000 0.3 0.3 0.5 40 0.5 0.25 4 1 0.25 0.2 1 0.1 2.5 2.5 1 0.05 70
378 PFT54clonal5 100 0.05 0.5 0.1 1000 0.1 0.6 0.5 40 0.5 0.25 4 1 0.25 0.2 1 0.1 2.5 2.5 1 0.05 70
379 PFT55clonal5 100 0.05 1 1 5000 1 0.1 0.5 20 1 1 6 1 0.25 0.2 1 0.1 2.5 2.5 1 0.05 70
380 PFT56clonal5 100 0.05 1 0.3 2000 0.3 0.3 0.5 20 1 1 6 1 0.25 0.2 1 0.1 2.5 2.5 1 0.05 70
381 PFT57clonal5 100 0.05 1 0.1 1000 0.1 0.6 0.5 20 1 1 6 1 0.25 0.2 1 0.1 2.5 2.5 1 0.05 70
382 PFT58clonal5 100 0.05 0.75 1 5000 1 0.1 0.5 20 1 1 6 1 0.25 0.2 1 0.1 2.5 2.5 1 0.05 70
383 PFT59clonal5 100 0.05 0.75 0.3 2000 0.3 0.3 0.5 20 1 1 6 1 0.25 0.2 1 0.1 2.5 2.5 1 0.05 70
384 PFT60clonal5 100 0.05 0.75 0.1 1000 0.1 0.6 0.5 20 1 1 6 1 0.25 0.2 1 0.1 2.5 2.5 1 0.05 70
385 PFT61clonal5 100 0.05 0.5 1 5000 1 0.1 0.5 20 1 1 6 1 0.25 0.2 1 0.1 2.5 2.5 1 0.05 70
386 PFT62clonal5 100 0.05 0.5 0.3 2000 0.3 0.3 0.5 20 1 1 6 1 0.25 0.2 1 0.1 2.5 2.5 1 0.05 70
387 PFT63clonal5 100 0.05 0.5 0.1 1000 0.1 0.6 0.5 20 1 1 6 1 0.25 0.2 1 0.1 2.5 2.5 1 0.05 70
388 PFT64clonal5 100 0.05 1 1 5000 1 0.1 0.5 20 0.75 0.5 6 1 0.25 0.2 1 0.1 2.5 2.5 1 0.05 70
389 PFT65clonal5 100 0.05 1 0.3 2000 0.3 0.3 0.5 20 0.75 0.5 6 1 0.25 0.2 1 0.1 2.5 2.5 1 0.05 70
390 PFT66clonal5 100 0.05 1 0.1 1000 0.1 0.6 0.5 20 0.75 0.5 6 1 0.25 0.2 1 0.1 2.5 2.5 1 0.05 70
391 PFT67clonal5 100 0.05 0.75 1 5000 1 0.1 0.5 20 0.75 0.5 6 1 0.25 0.2 1 0.1 2.5 2.5 1 0.05 70
392 PFT68clonal5 100 0.05 0.75 0.3 2000 0.3 0.3 0.5 20 0.75 0.5 6 1 0.25 0.2 1 0.1 2.5 2.5 1 0.05 70
393 PFT69clonal5 100 0.05 0.75 0.1 1000 0.1 0.6 0.5 20 0.75 0.5 6 1 0.25 0.2 1 0.1 2.5 2.5 1 0.05 70
394 PFT70clonal5 100 0.05 0.5 1 5000 1 0.1 0.5 20 0.75 0.5 6 1 0.25 0.2 1 0.1 2.5 2.5 1 0.05 70
395 PFT71clonal5 100 0.05 0.5 0.3 2000 0.3 0.3 0.5 20 0.75 0.5 6 1 0.25 0.2 1 0.1 2.5 2.5 1 0.05 70
396 PFT72clonal5 100 0.05 0.5 0.1 1000 0.1 0.6 0.5 20 0.75 0.5 6 1 0.25 0.2 1 0.1 2.5 2.5 1 0.05 70
397 PFT73clonal5 100 0.05 1 1 5000 1 0.1 0.5 20 0.5 0.25 6 1 0.25 0.2 1 0.1 2.5 2.5 1 0.05 70
398 PFT74clonal5 100 0.05 1 0.3 2000 0.3 0.3 0.5 20 0.5 0.25 6 1 0.25 0.2 1 0.1 2.5 2.5 1 0.05 70
399 PFT75clonal5 100 0.05 1 0.1 1000 0.1 0.6 0.5 20 0.5 0.25 6 1 0.25 0.2 1 0.1 2.5 2.5 1 0.05 70
400 PFT76clonal5 100 0.05 0.75 1 5000 1 0.1 0.5 20 0.5 0.25 6 1 0.25 0.2 1 0.1 2.5 2.5 1 0.05 70
401 PFT77clonal5 100 0.05 0.75 0.3 2000 0.3 0.3 0.5 20 0.5 0.25 6 1 0.25 0.2 1 0.1 2.5 2.5 1 0.05 70
402 PFT78clonal5 100 0.05 0.75 0.1 1000 0.1 0.6 0.5 20 0.5 0.25 6 1 0.25 0.2 1 0.1 2.5 2.5 1 0.05 70
403 PFT79clonal5 100 0.05 0.5 1 5000 1 0.1 0.5 20 0.5 0.25 6 1 0.25 0.2 1 0.1 2.5 2.5 1 0.05 70
404 PFT80clonal5 100 0.05 0.5 0.3 2000 0.3 0.3 0.5 20 0.5 0.25 6 1 0.25 0.2 1 0.1 2.5 2.5 1 0.05 70
405 PFT81clonal5 100 0.05 0.5 0.1 1000 0.1 0.6 0.5 20 0.5 0.25 6 1 0.25 0.2 1 0.1 2.5 2.5 1 0.05 70
406 PFT1clonal6 100 0.05 1 1 5000 1 0.1 0.5 60 1 1 2 1 0.25 0.2 1 0.1 2.5 2.5 0 0.05 70
407 PFT2clonal6 100 0.05 1 0.3 2000 0.3 0.3 0.5 60 1 1 2 1 0.25 0.2 1 0.1 2.5 2.5 0 0.05 70
408 PFT3clonal6 100 0.05 1 0.1 1000 0.1 0.6 0.5 60 1 1 2 1 0.25 0.2 1 0.1 2.5 2.5 0 0.05 70
409 PFT4clonal6 100 0.05 0.75 1 5000 1 0.1 0.5 60 1 1 2 1 0.25 0.2 1 0.1 2.5 2.5 0 0.05 70
410 PFT5clonal6 100 0.05 0.75 0.3 2000 0.3 0.3 0.5 60 1 1 2 1 0.25 0.2 1 0.1 2.5 2.5 0 0.05 70
411 PFT6clonal6 100 0.05 0.75 0.1 1000 0.1 0.6 0.5 60 1 1 2 1 0.25 0.2 1 0.1 2.5 2.5 0 0.05 70
412 PFT7clonal6 100 0.05 0.5 1 5000 1 0.1 0.5 60 1 1 2 1 0.25 0.2 1 0.1 2.5 2.5 0 0.05 70
413 PFT8clonal6 100 0.05 0.5 0.3 2000 0.3 0.3 0.5 60 1 1 2 1 0.25 0.2 1 0.1 2.5 2.5 0 0.05 70
414 PFT9clonal6 100 0.05 0.5 0.1 1000 0.1 0.6 0.5 60 1 1 2 1 0.25 0.2 1 0.1 2.5 2.5 0 0.05 70
415 PFT10clonal6 100 0.05 1 1 5000 1 0.1 0.5 60 0.75 0.5 2 1 0.25 0.2 1 0.1 2.5 2.5 0 0.05 70
416 PFT11clonal6 100 0.05 1 0.3 2000 0.3 0.3 0.5 60 0.75 0.5 2 1 0.25 0.2 1 0.1 2.5 2.5 0 0.05 70
417 PFT12clonal6 100 0.05 1 0.1 1000 0.1 0.6 0.5 60 0.75 0.5 2 1 0.25 0.2 1 0.1 2.5 2.5 0 0.05 70
418 PFT13clonal6 100 0.05 0.75 1 5000 1 0.1 0.5 60 0.75 0.5 2 1 0.25 0.2 1 0.1 2.5 2.5 0 0.05 70
419 PFT14clonal6 100 0.05 0.75 0.3 2000 0.3 0.3 0.5 60 0.75 0.5 2 1 0.25 0.2 1 0.1 2.5 2.5 0 0.05 70
420 PFT15clonal6 100 0.05 0.75 0.1 1000 0.1 0.6 0.5 60 0.75 0.5 2 1 0.25 0.2 1 0.1 2.5 2.5 0 0.05 70
421 PFT16clonal6 100 0.05 0.5 1 5000 1 0.1 0.5 60 0.75 0.5 2 1 0.25 0.2 1 0.1 2.5 2.5 0 0.05 70
422 PFT17clonal6 100 0.05 0.5 0.3 2000 0.3 0.3 0.5 60 0.75 0.5 2 1 0.25 0.2 1 0.1 2.5 2.5 0 0.05 70
423 PFT18clonal6 100 0.05 0.5 0.1 1000 0.1 0.6 0.5 60 0.75 0.5 2 1 0.25 0.2 1 0.1 2.5 2.5 0 0.05 70
424 PFT19clonal6 100 0.05 1 1 5000 1 0.1 0.5 60 0.5 0.25 2 1 0.25 0.2 1 0.1 2.5 2.5 0 0.05 70
425 PFT20clonal6 100 0.05 1 0.3 2000 0.3 0.3 0.5 60 0.5 0.25 2 1 0.25 0.2 1 0.1 2.5 2.5 0 0.05 70
426 PFT21clonal6 100 0.05 1 0.1 1000 0.1 0.6 0.5 60 0.5 0.25 2 1 0.25 0.2 1 0.1 2.5 2.5 0 0.05 70
427 PFT22clonal6 100 0.05 0.75 1 5000 1 0.1 0.5 60 0.5 0.25 2 1 0.25 0.2 1 0.1 2.5 2.5 0 0.05 70
428 PFT23clonal6 100 0.05 0.75 0.3 2000 0.3 0.3 0.5 60 0.5 0.25 2 1 0.25 0.2 1 0.1 2.5 2.5 0 0.05 70
429 PFT24clonal6 100 0.05 0.75 0.1 1000 0.1 0.6 0.5 60 0.5 0.25 2 1 0.25 0.2 1 0.1 2.5 2.5 0 0.05 70
430 PFT25clonal6 100 0.05 0.5 1 5000 1 0.1 0.5 60 0.5 0.25 2 1 0.25 0.2 1 0.1 2.5 2.5 0 0.05 70
431 PFT26clonal6 100 0.05 0.5 0.3 2000 0.3 0.3 0.5 60 0.5 0.25 2 1 0.25 0.2 1 0.1 2.5 2.5 0 0.05 70
432 PFT27clonal6 100 0.05 0.5 0.1 1000 0.1 0.6 0.5 60 0.5 0.25 2 1 0.25 0.2 1 0.1 2.5 2.5 0 0.05 70
433 PFT28clonal6 100 0.05 1 1 5000 1 0.1 0.5 40 1 1 4 1 0.25 0.2 1 0.1 2.5 2.5 0 0.05 70
434 PFT29clonal6 100 0.05 1 0.3 2000 0.3 0.3 0.5 40 1 1 4 1 0.25 0.2 1 0.1 2.5 2.5 0 0.05 70
435 PFT30clonal6 100 0.05 1 0.1 1000 0.1 0.6 0.5 40 1 1 4 1 0.25 0.2 1 0.1 2.5 2.5 0 0.05 70
436 PFT31clonal6 100 0.05 0.75 1 5000 1 0.1 0.5 40 1 1 4 1 0.25 0.2 1 0.1 2.5 2.5 0 0.05 70
437 PFT32clonal6 100 0.05 0.75 0.3 2000 0.3 0.3 0.5 40 1 1 4 1 0.25 0.2 1 0.1 2.5 2.5 0 0.05 70
438 PFT33clonal6 100 0.05 0.75 0.1 1000 0.1 0.6 0.5 40 1 1 4 1 0.25 0.2 1 0.1 2.5 2.5 0 0.05 70
439 PFT34clonal6 100 0.05 0.5 1 5000 1 0.1 0.5 40 1 1 4 1 0.25 0.2 1 0.1 2.5 2.5 0 0.05 70
440 PFT35clonal6 100 0.05 0.5 0.3 2000 0.3 0.3 0.5 40 1 1 4 1 0.25 0.2 1 0.1 2.5 2.5 0 0.05 70
441 PFT36clonal6 100 0.05 0.5 0.1 1000 0.1 0.6 0.5 40 1 1 4 1 0.25 0.2 1 0.1 2.5 2.5 0 0.05 70
442 PFT37clonal6 100 0.05 1 1 5000 1 0.1 0.5 40 0.75 0.5 4 1 0.25 0.2 1 0.1 2.5 2.5 0 0.05 70
443 PFT38clonal6 100 0.05 1 0.3 2000 0.3 0.3 0.5 40 0.75 0.5 4 1 0.25 0.2 1 0.1 2.5 2.5 0 0.05 70
444 PFT39clonal6 100 0.05 1 0.1 1000 0.1 0.6 0.5 40 0.75 0.5 4 1 0.25 0.2 1 0.1 2.5 2.5 0 0.05 70
445 PFT40clonal6 100 0.05 0.75 1 5000 1 0.1 0.5 40 0.75 0.5 4 1 0.25 0.2 1 0.1 2.5 2.5 0 0.05 70
446 PFT41clonal6 100 0.05 0.75 0.3 2000 0.3 0.3 0.5 40 0.75 0.5 4 1 0.25 0.2 1 0.1 2.5 2.5 0 0.05 70
447 PFT42clonal6 100 0.05 0.75 0.1 1000 0.1 0.6 0.5 40 0.75 0.5 4 1 0.25 0.2 1 0.1 2.5 2.5 0 0.05 70
448 PFT43clonal6 100 0.05 0.5 1 5000 1 0.1 0.5 40 0.75 0.5 4 1 0.25 0.2 1 0.1 2.5 2.5 0 0.05 70
449 PFT44clonal6 100 0.05 0.5 0.3 2000 0.3 0.3 0.5 40 0.75 0.5 4 1 0.25 0.2 1 0.1 2.5 2.5 0 0.05 70
450 PFT45clonal6 100 0.05 0.5 0.1 1000 0.1 0.6 0.5 40 0.75 0.5 4 1 0.25 0.2 1 0.1 2.5 2.5 0 0.05 70
451 PFT46clonal6 100 0.05 1 1 5000 1 0.1 0.5 40 0.5 0.25 4 1 0.25 0.2 1 0.1 2.5 2.5 0 0.05 70
452 PFT47clonal6 100 0.05 1 0.3 2000 0.3 0.3 0.5 40 0.5 0.25 4 1 0.25 0.2 1 0.1 2.5 2.5 0 0.05 70
453 PFT48clonal6 100 0.05 1 0.1 1000 0.1 0.6 0.5 40 0.5 0.25 4 1 0.25 0.2 1 0.1 2.5 2.5 0 0.05 70
454 PFT49clonal6 100 0.05 0.75 1 5000 1 0.1 0.5 40 0.5 0.25 4 1 0.25 0.2 1 0.1 2.5 2.5 0 0.05 70
455 PFT50clonal6 100 0.05 0.75 0.3 2000 0.3 0.3 0.5 40 0.5 0.25 4 1 0.25 0.2 1 0.1 2.5 2.5 0 0.05 70
456 PFT51clonal6 100 0.05 0.75 0.1 1000 0.1 0.6 0.5 40 0.5 0.25 4 1 0.25 0.2 1 0.1 2.5 2.5 0 0.05 70
457 PFT52clonal6 100 0.05 0.5 1 5000 1 0.1 0.5 40 0.5 0.25 4 1 0.25 0.2 1 0.1 2.5 2.5 0 0.05 70
458 PFT53clonal6 100 0.05 0.5 0.3 2000 0.3 0.3 0.5 40 0.5 0.25 4 1 0.25 0.2 1 0.1 2.5 2.5 0 0.05 70
459 PFT54clonal6 100 0.05 0.5 0.1 1000 0.1 0.6 0.5 40 0.5 0.25 4 1 0.25 0.2 1 0.1 2.5 2.5 0 0.05 70
460 PFT55clonal6 100 0.05 1 1 5000 1 0.1 0.5 20 1 1 6 1 0.25 0.2 1 0.1 2.5 2.5 0 0.05 70
461 PFT56clonal6 100 0.05 1 0.3 2000 0.3 0.3 0.5 20 1 1 6 1 0.25 0.2 1 0.1 2.5 2.5 0 0.05 70
462 PFT57clonal6 100 0.05 1 0.1 1000 0.1 0.6 0.5 20 1 1 6 1 0.25 0.2 1 0.1 2.5 2.5 0 0.05 70
463 PFT58clonal6 100 0.05 0.75 1 5000 1 0.1 0.5 20 1 1 6 1 0.25 0.2 1 0.1 2.5 2.5 0 0.05 70
464 PFT59clonal6 100 0.05 0.75 0.3 2000 0.3 0.3 0.5 20 1 1 6 1 0.25 0.2 1 0.1 2.5 2.5 0 0.05 70
465 PFT60clonal6 100 0.05 0.75 0.1 1000 0.1 0.6 0.5 20 1 1 6 1 0.25 0.2 1 0.1 2.5 2.5 0 0.05 70
466 PFT61clonal6 100 0.05 0.5 1 5000 1 0.1 0.5 20 1 1 6 1 0.25 0.2 1 0.1 2.5 2.5 0 0.05 70
467 PFT62clonal6 100 0.05 0.5 0.3 2000 0.3 0.3 0.5 20 1 1 6 1 0.25 0.2 1 0.1 2.5 2.5 0 0.05 70
468 PFT63clonal6 100 0.05 0.5 0.1 1000 0.1 0.6 0.5 20 1 1 6 1 0.25 0.2 1 0.1 2.5 2.5 0 0.05 70
469 PFT64clonal6 100 0.05 1 1 5000 1 0.1 0.5 20 0.75 0.5 6 1 0.25 0.2 1 0.1 2.5 2.5 0 0.05 70
470 PFT65clonal6 100 0.05 1 0.3 2000 0.3 0.3 0.5 20 0.75 0.5 6 1 0.25 0.2 1 0.1 2.5 2.5 0 0.05 70
471 PFT66clonal6 100 0.05 1 0.1 1000 0.1 0.6 0.5 20 0.75 0.5 6 1 0.25 0.2 1 0.1 2.5 2.5 0 0.05 70
472 PFT67clonal6 100 0.05 0.75 1 5000 1 0.1 0.5 20 0.75 0.5 6 1 0.25 0.2 1 0.1 2.5 2.5 0 0.05 70
473 PFT68clonal6 100 0.05 0.75 0.3 2000 0.3 0.3 0.5 20 0.75 0.5 6 1 0.25 0.2 1 0.1 2.5 2.5 0 0.05 70
474 PFT69clonal6 100 0.05 0.75 0.1 1000 0.1 0.6 0.5 20 0.75 0.5 6 1 0.25 0.2 1 0.1 2.5 2.5 0 0.05 70
475 PFT70clonal6 100 0.05 0.5 1 5000 1 0.1 0.5 20 0.75 0.5 6 1 0.25 0.2 1 0.1 2.5 2.5 0 0.05 70
476 PFT71clonal6 100 0.05 0.5 0.3 2000 0.3 0.3 0.5 20 0.75 0.5 6 1 0.25 0.2 1 0.1 2.5 2.5 0 0.05 70
477 PFT72clonal6 100 0.05 0.5 0.1 1000 0.1 0.6 0.5 20 0.75 0.5 6 1 0.25 0.2 1 0.1 2.5 2.5 0 0.05 70
478 PFT73clonal6 100 0.05 1 1 5000 1 0.1 0.5 20 0.5 0.25 6 1 0.25 0.2 1 0.1 2.5 2.5 0 0.05 70
479 PFT74clonal6 100 0.05 1 0.3 2000 0.3 0.3 0.5 20 0.5 0.25 6 1 0.25 0.2 1 0.1 2.5 2.5 0 0.05 70
480 PFT75clonal6 100 0.05 1 0.1 1000 0.1 0.6 0.5 20 0.5 0.25 6 1 0.25 0.2 1 0.1 2.5 2.5 0 0.05 70
481 PFT76clonal6 100 0.05 0.75 1 5000 1 0.1 0.5 20 0.5 0.25 6 1 0.25 0.2 1 0.1 2.5 2.5 0 0.05 70
482 PFT77clonal6 100 0.05 0.75 0.3 2000 0.3 0.3 0.5 20 0.5 0.25 6 1 0.25 0.2 1 0.1 2.5 2.5 0 0.05 70
483 PFT78clonal6 100 0.05 0.75 0.1 1000 0.1 0.6 0.5 20 0.5 0.25 6 1 0.25 0.2 1 0.1 2.5 2.5 0 0.05 70
484 PFT79clonal6 100 0.05 0.5 1 5000 1 0.1 0.5 20 0.5 0.25 6 1 0.25 0.2 1 0.1 2.5 2.5 0 0.05 70
485 PFT80clonal6 100 0.05 0.5 0.3 2000 0.3 0.3 0.5 20 0.5 0.25 6 1 0.25 0.2 1 0.1 2.5 2.5 0 0.05 70
486 PFT81clonal6 100 0.05 0.5 0.1 1000 0.1 0.6 0.5 20 0.5 0.25 6 1 0.25 0.2 1 0.1 2.5 2.5 0 0.05 70
487 PFT1clonal7 100 0.05 1 1 5000 1 0.1 0.5 60 1 1 2 1 0.25 0.2 1 0.1 17.5 12.5 1 0.05 70
488 PFT2clonal7 100 0.05 1 0.3 2000 0.3 0.3 0.5 60 1 1 2 1 0.25 0.2 1 0.1 17.5 12.5 1 0.05 70
489 PFT3clonal7 100 0.05 1 0.1 1000 0.1 0.6 0.5 60 1 1 2 1 0.25 0.2 1 0.1 17.5 12.5 1 0.05 70
490 PFT4clonal7 100 0.05 0.75 1 5000 1 0.1 0.5 60 1 1 2 1 0.25 0.2 1 0.1 17.5 12.5 1 0.05 70
491 PFT5clonal7 100 0.05 0.75 0.3 2000 0.3 0.3 0.5 60 1 1 2 1 0.25 0.2 1 0.1 17.5 12.5 1 0.05 70
492 PFT6clonal7 100 0.05 0.75 0.1 1000 0.1 0.6 0.5 60 1 1 2 1 0.25 0.2 1 0.1 17.5 12.5 1 0.05 70
493 PFT7clonal7 100 0.05 0.5 1 5000 1 0.1 0.5 60 1 1 2 1 0.25 0.2 1 0.1 17.5 12.5 1 0.05 70
494 PFT8clonal7 100 0.05 0.5 0.3 2000 0.3 0.3 0.5 60 1 1 2 1 0.25 0.2 1 0.1 17.5 12.5 1 0.05 70
495 PFT9clonal7 100 0.05 0.5 0.1 1000 0.1 0.6 0.5 60 1 1 2 1 0.25 0.2 1 0.1 17.5 12.5 1 0.05 70
496 PFT10clonal7 100 0.05 1 1 5000 1 0.1 0.5 60 0.75 0.5 2 1 0.25 0.2 1 0.1 17.5 12.5 1 0.05 70
497 PFT11clonal7 100 0.05 1 0.3 2000 0.3 0.3 0.5 60 0.75 0.5 2 1 0.25 0.2 1 0.1 17.5 12.5 1 0.05 70
498 PFT12clonal7 100 0.05 1 0.1 1000 0.1 0.6 0.5 60 0.75 0.5 2 1 0.25 0.2 1 0.1 17.5 12.5 1 0.05 70
499 PFT13clonal7 100 0.05 0.75 1 5000 1 0.1 0.5 60 0.75 0.5 2 1 0.25 0.2 1 0.1 17.5 12.5 1 0.05 70
500 PFT14clonal7 100 0.05 0.75 0.3 2000 0.3 0.3 0.5 60 0.75 0.5 2 1 0.25 0.2 1 0.1 17.5 12.5 1 0.05 70
501 PFT15clonal7 100 0.05 0.75 0.1 1000 0.1 0.6 0.5 60 0.75 0.5 2 1 0.25 0.2 1 0.1 17.5 12.5 1 0.05 70
502 PFT16clonal7 100 0.05 0.5 1 5000 1 0.1 0.5 60 0.75 0.5 2 1 0.25 0.2 1 0.1 17.5 12.5 1 0.05 70
503 PFT17clonal7 100 0.05 0.5 0.3 2000 0.3 0.3 0.5 60 0.75 0.5 2 1 0.25 0.2 1 0.1 17.5 12.5 1 0.05 70
504 PFT18clonal7 100 0.05 0.5 0.1 1000 0.1 0.6 0.5 60 0.75 0.5 2 1 0.25 0.2 1 0.1 17.5 12.5 1 0.05 70
505 PFT19clonal7 100 0.05 1 1 5000 1 0.1 0.5 60 0.5 0.25 2 1 0.25 0.2 1 0.1 17.5 12.5 1 0.05 70
506 PFT20clonal7 100 0.05 1 0.3 2000 0.3 0.3 0.5 60 0.5 0.25 2 1 0.25 0.2 1 0.1 17.5 12.5 1 0.05 70
507 PFT21clonal7 100 0.05 1 0.1 1000 0.1 0.6 0.5 60 0.5 0.25 2 1 0.25 0.2 1 0.1 17.5 12.5 1 0.05 70
508 PFT22clonal7 100 0.05 0.75 1 5000 1 0.1 0.5 60 0.5 0.25 2 1 0.25 0.2 1 0.1 17.5 12.5 1 0.05 70
509 PFT23clonal7 100 0.05 0.75 0.3 2000 0.3 0.3 0.5 60 0.5 0.25 2 1 0.25 0.2 1 0.1 17.5 12.5 1 0.05 70
510 PFT24clonal7 100 0.05 0.75 0.1 1000 0.1 0.6 0.5 60 0.5 0.25 2 1 0.25 0.2 1 0.1 17.5 12.5 1 0.05 70
511 PFT25clonal7 100 0.05 0.5 1 5000 1 0.1 0.5 60 0.5 0.25 2 1 0.25 0.2 1 0.1 17.5 12.5 1 0.05 70
512 PFT26clonal7 100 0.05 0.5 0.3 2000 0.3 0.3 0.5 60 0.5 0.25 2 1 0.25 0.2 1 0.1 17.5 12.5 1 0.05 70
513 PFT27clonal7 100 0.05 0.5 0.1 1000 0.1 0.6 0.5 60 0.5 0.25 2 1 0.25 0.2 1 0.1 17.5 12.5 1 0.05 70
514 PFT28clonal7 100 0.05 1 1 5000 1 0.1 0.5 40 1 1 4 1 0.25 0.2 1 0.1 17.5 12.5 1 0.05 70
515 PFT29clonal7 100 0.05 1 0.3 2000 0.3 0.3 0.5 40 1 1 4 1 0.25 0.2 1 0.1 17.5 12.5 1 0.05 70
516 PFT30clonal7 100 0.05 1 0.1 1000 0.1 0.6 0.5 40 1 1 4 1 0.25 0.2 1 0.1 17.5 12.5 1 0.05 70
517 PFT31clonal7 100 0.05 0.75 1 5000 1 0.1 0.5 40 1 1 4 1 0.25 0.2 1 0.1 17.5 12.5 1 0.05 70
518 PFT32clonal7 100 0.05 0.75 0.3 2000 0.3 0.3 0.5 40 1 1 4 1 0.25 0.2 1 0.1 17.5 12.5 1 0.05 70
519 PFT33clonal7 100 0.05 0.75 0.1 1000 0.1 0.6 0.5 40 1 1 4 1 0.25 0.2 1 0.1 17.5 12.5 1 0.05 70
520 PFT34clonal7 100 0.05 0.5 1 5000 1 0.1 0.5 40 1 1 4 1 0.25 0.2 1 0.1 17.5 12.5 1 0.05 70
521 PFT35clonal7 100 0.05 0.5 0.3 2000 0.3 0.3 0.5 40 1 1 4 1 0.25 0.2 1 0.1 17.5 12.5 1 0.05 70
522 PFT36clonal7 100 0.05 0.5 0.1 1000 0.1 0.6 0.5 40 1 1 4 1 0.25 0.2 1 0.1 17.5 12.5 1 0.05 70
523 PFT37clonal7 100 0.05 1 1 5000 1 0.1 0.5 40 0.75 0.5 4 1 0.25 0.2 1 0.1 17.5 12.5 1 0.05 70
524 PFT38clonal7 100 0.05 1 0.3 2000 0.3 0.3 0.5 40 0.75 0.5 4 1 0.25 0.2 1 0.1 17.5 12.5 1 0.05 70
525 PFT39clonal7 100 0.05 1 0.1 1000 0.1 0.6 0.5 40 0.75 0.5 4 1 0.25 0.2 1 0.1 17.5 12.5 1 0.05 70
526 PFT40clonal7 100 0.05 0.75 1 5000 1 0.1 0.5 40 0.75 0.5 4 1 0.25 0.2 1 0.1 17.5 12.5 1 0.05 70
527 PFT41clonal7 100 0.05 0.75 0.3 2000 0.3 0.3 0.5 40 0.75 0.5 4 1 0.25 0.2 1 0.1 17.5 12.5 1 0.05 70
528 PFT42clonal7 100 0.05 0.75 0.1 1000 0.1 0.6 0.5 40 0.75 0.5 4 1 0.25 0.2 1 0.1 17.5 12.5 1 0.05 70
529 PFT43clonal7 100 0.05 0.5 1 5000 1 0.1 0.5 40 0.75 0.5 4 1 0.25 0.2 1 0.1 17.5 12.5 1 0.05 70
530 PFT44clonal7 100 0.05 0.5 0.3 2000 0.3 0.3 0.5 40 0.75 0.5 4 1 0.25 0.2 1 0.1 17.5 12.5 1 0.05 70
531 PFT45clonal7 100 0.05 0.5 0.1 1000 0.1 0.6 0.5 40 0.75 0.5 4 1 0.25 0.2 1 0.1 17.5 12.5 1 0.05 70
532 PFT46clonal7 100 0.05 1 1 5000 1 0.1 0.5 40 0.5 0.25 4 1 0.25 0.2 1 0.1 17.5 12.5 1 0.05 70
533 PFT47clonal7 100 0.05 1 0.3 2000 0.3 0.3 0.5 40 0.5 0.25 4 1 0.25 0.2 1 0.1 17.5 12.5 1 0.05 70
534 PFT48clonal7 100 0.05 1 0.1 1000 0.1 0.6 0.5 40 0.5 0.25 4 1 0.25 0.2 1 0.1 17.5 12.5 1 0.05 70
535 PFT49clonal7 100 0.05 0.75 1 5000 1 0.1 0.5 40 0.5 0.25 4 1 0.25 0.2 1 0.1 17.5 12.5 1 0.05 70
536 PFT50clonal7 100 0.05 0.75 0.3 2000 0.3 0.3 0.5 40 0.5 0.25 4 1 0.25 0.2 1 0.1 17.5 12.5 1 0.05 70
537 PFT51clonal7 100 0.05 0.75 0.1 1000 0.1 0.6 0.5 40 0.5 0.25 4 1 0.25 0.2 1 0.1 17.5 12.5 1 0.05 70
538 PFT52clonal7 100 0.05 0.5 1 5000 1 0.1 0.5 40 0.5 0.25 4 1 0.25 0.2 1 0.1 17.5 12.5 1 0.05 70
539 PFT53clonal7 100 0.05 0.5 0.3 2000 0.3 0.3 0.5 40 0.5 0.25 4 1 0.25 0.2 1 0.1 17.5 12.5 1 0.05 70
540 PFT54clonal7 100 0.05 0.5 0.1 1000 0.1 0.6 0.5 40 0.5 0.25 4 1 0.25 0.2 1 0.1 17.5 12.5 1 0.05 70
541 PFT55clonal7 100 0.05 1 1 5000 1 0.1 0.5 20 1 1 6 1 0.25 0.2 1 0.1 17.5 12.5 1 0.05 70
542 PFT56clonal7 100 0.05 1 0.3 2000 0.3 0.3 0.5 20 1 1 6 1 0.25 0.2 1 0.1 17.5 12.5 1 0.05 70
543 PFT57clonal7 100 0.05 1 0.1 1000 0.1 0.6 0.5 20 1 1 6 1 0.25 0.2 1 0.1 17.5 12.5 1 0.05 70
544 PFT58clonal7 100 0.05 0.75 1 5000 1 0.1 0.5 20 1 1 6 1 0.25 0.2 1 0.1 17.5 12.5 1 0.05 70
545 PFT59clonal7 100 0.05 0.75 0.3 2000 0.3 0.3 0.5 20 1 1 6 1 0.25 0.2 1 0.1 17.5 12.5 1 0.05 70
546 PFT60clonal7 100 0.05 0.75 0.1 1000 0.1 0.6 0.5 20 1 1 6 1 0.25 0.2 1 0.1 17.5 12.5 1 0.05 70
547 PFT61clonal7 100 0.05 0.5 1 5000 1 0.1 0.5 20 1 1 6 1 0.25 0.2 1 0.1 17.5 12.5 1 0.05 70
548 PFT62clonal7 100 0.05 0.5 0.3 2000 0.3 0.3 0.5 20 1 1 6 1 0.25 0.2 1 0.1 17.5 12.5 1 0.05 70
549 PFT63clonal7 100 0.05 0.5 0.1 1000 0.1 0.6 0.5 20 1 1 6 1 0.25 0.2 1 0.1 17.5 12.5 1 0.05 70
550 PFT64clonal7 100 0.05 1 1 5000 1 0.1 0.5 20 0.75 0.5 6 1 0.25 0.2 1 0.1 17.5 12.5 1 0.05 70
551 PFT65clonal7 100 0.05 1 0.3 2000 0.3 0.3 0.5 20 0.75 0.5 6 1 0.25 0.2 1 0.1 17.5 12.5 1 0.05 70
552 PFT66clonal7 100 0.05 1 0.1 1000 0.1 0.6 0.5 20 0.75 0.5 6 1 0.25 0.2 1 0.1 17.5 12.5 1 0.05 70
553 PFT67clonal7 100 0.05 0.75 1 5000 1 0.1 0.5 20 0.75 0.5 6 1 0.25 0.2 1 0.1 17.5 12.5 1 0.05 70
554 PFT68clonal7 100 0.05 0.75 0.3 2000 0.3 0.3 0.5 20 0.75 0.5 6 1 0.25 0.2 1 0.1 17.5 12.5 1 0.05 70
555 PFT69clonal7 100 0.05 0.75 0.1 1000 0.1 0.6 0.5 20 0.75 0.5 6 1 0.25 0.2 1 0.1 17.5 12.5 1 0.05 70
556 PFT70clonal7 100 0.05 0.5 1 5000 1 0.1 0.5 20 0.75 0.5 6 1 0.25 0.2 1 0.1 17.5 12.5 1 0.05 70
557 PFT71clonal7 100 0.05 0.5 0.3 2000 0.3 0.3 0.5 20 0.75 0.5 6 1 0.25 0.2 1 0.1 17.5 12.5 1 0.05 70
558 PFT72clonal7 100 0.05 0.5 0.1 1000 0.1 0.6 0.5 20 0.75 0.5 6 1 0.25 0.2 1 0.1 17.5 12.5 1 0.05 70
559 PFT73clonal7 100 0.05 1 1 5000 1 0.1 0.5 20 0.5 0.25 6 1 0.25 0.2 1 0.1 17.5 12.5 1 0.05 70
560 PFT74clonal7 100 0.05 1 0.3 2000 0.3 0.3 0.5 20 0.5 0.25 6 1 0.25 0.2 1 0.1 17.5 12.5 1 0.05 70
561 PFT75clonal7 100 0.05 1 0.1 1000 0.1 0.6 0.5 20 0.5 0.25 6 1 0.25 0.2 1 0.1 17.5 12.5 1 0.05 70
562 PFT76clonal7 100 0.05 0.75 1 5000 1 0.1 0.5 20 0.5 0.25 6 1 0.25 0.2 1 0.1 17.5 12.5 1 0.05 70
563 PFT77clonal7 100 0.05 0.75 0.3 2000 0.3 0.3 0.5 20 0.5 0.25 6 1 0.25 0.2 1 0.1 17.5 12.5 1 0.05 70
564 PFT78clonal7 100 0.05 0.75 0.1 1000 0.1 0.6 0.5 20 0.5 0.25 6 1 0.25 0.2 1 0.1 17.5 12.5 1 0.05 70
565 PFT79clonal7 100 0.05 0.5 1 5000 1 0.1 0.5 20 0.5 0.25 6 1 0.25 0.2 1 0.1 17.5 12.5 1 0.05 70
566 PFT80clonal7 100 0.05 0.5 0.3 2000 0.3 0.3 0.5 20 0.5 0.25 6 1 0.25 0.2 1 0.1 17.5 12.5 1 0.05 70
567 PFT81clonal7 100 0.05 0.5 0.1 1000 0.1 0.6 0.5 20 0.5 0.25 6 1 0.25 0.2 1 0.1 17.5 12.5 1 0.05 70
568 PFT1clonal8 100 0.05 1 1 5000 1 0.1 0.5 60 1 1 2 1 0.25 0.2 1 0.1 17.5 12.5 0 0.05 70
569 PFT2clonal8 100 0.05 1 0.3 2000 0.3 0.3 0.5 60 1 1 2 1 0.25 0.2 1 0.1 17.5 12.5 0 0.05 70
570 PFT3clonal8 100 0.05 1 0.1 1000 0.1 0.6 0.5 60 1 1 2 1 0.25 0.2 1 0.1 17.5 12.5 0 0.05 70
571 PFT4clonal8 100 0.05 0.75 1 5000 1 0.1 0.5 60 1 1 2 1 0.25 0.2 1 0.1 17.5 12.5 0 0.05 70
572 PFT5clonal8 100 0.05 0.75 0.3 2000 0.3 0.3 0.5 60 1 1 2 1 0.25 0.2 1 0.1 17.5 12.5 0 0.05 70
573 PFT6clonal8 100 0.05 0.75 0.1 1000 0.1 0.6 0.5 60 1 1 2 1 0.25 0.2 1 0.1 17.5 12.5 0 0.05 70
574 PFT7clonal8 100 0.05 0.5 1 5000 1 0.1 0.5 60 1 1 2 1 0.25 0.2 1 0.1 17.5 12.5 0 0.05 70
575 PFT8clonal8 100 0.05 0.5 0.3 2000 0.3 0.3 0.5 60 1 1 2 1 0.25 0.2 1 0.1 17.5 12.5 0 0.05 70
576 PFT9clonal8 100 0.05 0.5 0.1 1000 0.1 0.6 0.5 60 1 1 2 1 0.25 0.2 1 0.1 17.5 12.5 0 0.05 70
577 PFT10clonal8 100 0.05 1 1 5000 1 0.1 0.5 60 0.75 0.5 2 1 0.25 0.2 1 0.1 17.5 12.5 0 0.05 70
578 PFT11clonal8 100 0.05 1 0.3 2000 0.3 0.3 0.5 60 0.75 0.5 2 1 0.25 0.2 1 0.1 17.5 12.5 0 0.05 70
579 PFT12clonal8 100 0.05 1 0.1 1000 0.1 0.6 0.5 60 0.75 0.5 2 1 0.25 0.2 1 0.1 17.5 12.5 0 0.05 70
580 PFT13clonal8 100 0.05 0.75 1 5000 1 0.1 0.5 60 0.75 0.5 2 1 0.25 0.2 1 0.1 17.5 12.5 0 0.05 70
581 PFT14clonal8 100 0.05 0.75 0.3 2000 0.3 0.3 0.5 60 0.75 0.5 2 1 0.25 0.2 1 0.1 17.5 12.5 0 0.05 70
582 PFT15clonal8 100 0.05 0.75 0.1 1000 0.1 0.6 0.5 60 0.75 0.5 2 1 0.25 0.2 1 0.1 17.5 12.5 0 0.05 70
583 PFT16clonal8 100 0.05 0.5 1 5000 1 0.1 0.5 60 0.75 0.5 2 1 0.25 0.2 1 0.1 17.5 12.5 0 0.05 70
584 PFT17clonal8 100 0.05 0.5 0.3 2000 0.3 0.3 0.5 60 0.75 0.5 2 1 0.25 0.2 1 0.1 17.5 12.5 0 0.05 70
585 PFT18clonal8 100 0.05 0.5 0.1 1000 0.1 0.6 0.5 60 0.75 0.5 2 1 0.25 0.2 1 0.1 17.5 12.5 0 0.05 70
586 PFT19clonal8 100 0.05 1 1 5000 1 0.1 0.5 60 0.5 0.25 2 1 0.25 0.2 1 0.1 17.5 12.5 0 0.05 70
587 PFT20clonal8 100 0.05 1 0.3 2000 0.3 0.3 0.5 60 0.5 0.25 2 1 0.25 0.2 1 0.1 17.5 12.5 0 0.05 70
588 PFT21clonal8 100 0.05 1 0.1 1000 0.1 0.6 0.5 60 0.5 0.25 2 1 0.25 0.2 1 0.1 17.5 12.5 0 0.05 70
589 PFT22clonal8 100 0.05 0.75 1 5000 1 0.1 0.5 60 0.5 0.25 2 1 0.25 0.2 1 0.1 17.5 12.5 0 0.05 70
590 PFT23clonal8 100 0.05 0.75 0.3 2000 0.3 0.3 0.5 60 0.5 0.25 2 1 0.25 0.2 1 0.1 17.5 12.5 0 0.05 70
591 PFT24clonal8 100 0.05 0.75 0.1 1000 0.1 0.6 0.5 60 0.5 0.25 2 1 0.25 0.2 1 0.1 17.5 12.5 0 0.05 70
592 PFT25clonal8 100 0.05 0.5 1 5000 1 0.1 0.5 60 0.5 0.25 2 1 0.25 0.2 1 0.1 17.5 12.5 0 0.05 70
593 PFT26clonal8 100 0.05 0.5 0.3 2000 0.3 0.3 0.5 60 0.5 0.25 2 1 0.25 0.2 1 0.1 17.5 12.5 0 0.05 70
594 PFT27clonal8 100 0.05 0.5 0.1 1000 0.1 0.6 0.5 60 0.5 0.25 2 1 0.25 0.2 1 0.1 17.5 12.5 0 0.05 70
595 PFT28clonal8 100 0.05 1 1 5000 1 0.1 0.5 40 1 1 4 1 0.25 0.2 1 0.1 17.5 12.5 0 0.05 70
596 PFT29clonal8 100 0.05 1 0.3 2000 0.3 0.3 0.5 40 1 1 4 1 0.25 0.2 1 0.1 17.5 12.5 0 0.05 70
597 PFT30clonal8 100 0.05 1 0.1 1000 0.1 0.6 0.5 40 1 1 4 1 0.25 0.2 1 0.1 17.5 12.5 0 0.05 70
598 PFT31clonal8 100 0.05 0.75 1 5000 1 0.1 0.5 40 1 1 4 1 0.25 0.2 1 0.1 17.5 12.5 0 0.05 70
599 PFT32clonal8 100 0.05 0.75 0.3 2000 0.3 0.3 0.5 40 1 1 4 1 0.25 0.2 1 0.1 17.5 12.5 0 0.05 70
600 PFT33clonal8 100 0.05 0.75 0.1 1000 0.1 0.6 0.5 40 1 1 4 1 0.25 0.2 1 0.1 17.5 12.5 0 0.05 70
601 PFT34clonal8 100 0.05 0.5 1 5000 1 0.1 0.5 40 1 1 4 1 0.25 0.2 1 0.1 17.5 12.5 0 0.05 70
602 PFT35clonal8 100 0.05 0.5 0.3 2000 0.3 0.3 0.5 40 1 1 4 1 0.25 0.2 1 0.1 17.5 12.5 0 0.05 70
603 PFT36clonal8 100 0.05 0.5 0.1 1000 0.1 0.6 0.5 40 1 1 4 1 0.25 0.2 1 0.1 17.5 12.5 0 0.05 70
604 PFT37clonal8 100 0.05 1 1 5000 1 0.1 0.5 40 0.75 0.5 4 1 0.25 0.2 1 0.1 17.5 12.5 0 0.05 70
605 PFT38clonal8 100 0.05 1 0.3 2000 0.3 0.3 0.5 40 0.75 0.5 4 1 0.25 0.2 1 0.1 17.5 12.5 0 0.05 70
606 PFT39clonal8 100 0.05 1 0.1 1000 0.1 0.6 0.5 40 0.75 0.5 4 1 0.25 0.2 1 0.1 17.5 12.5 0 0.05 70
607 PFT40clonal8 100 0.05 0.75 1 5000 1 0.1 0.5 40 0.75 0.5 4 1 0.25 0.2 1 0.1 17.5 12.5 0 0.05 70
608 PFT41clonal8 100 0.05 0.75 0.3 2000 0.3 0.3 0.5 40 0.75 0.5 4 1 0.25 0.2 1 0.1 17.5 12.5 0 0.05 70
609 PFT42clonal8 100 0.05 0.75 0.1 1000 0.1 0.6 0.5 40 0.75 0.5 4 1 0.25 0.2 1 0.1 17.5 12.5 0 0.05 70
610 PFT43clonal8 100 0.05 0.5 1 5000 1 0.1 0.5 40 0.75 0.5 4 1 0.25 0.2 1 0.1 17.5 12.5 0 0.05 70
611 PFT44clonal8 100 0.05 0.5 0.3 2000 0.3 0.3 0.5 40 0.75 0.5 4 1 0.25 0.2 1 0.1 17.5 12.5 0 0.05 70
612 PFT45clonal8 100 0.05 0.5 0.1 1000 0.1 0.6 0.5 40 0.75 0.5 4 1 0.25 0.2 1 0.1 17.5 12.5 0 0.05 70
613 PFT46clonal8 100 0.05 1 1 5000 1 0.1 0.5 40 0.5 0.25 4 1 0.25 0.2 1 0.1 17.5 12.5 0 0.05 70
614 PFT47clonal8 100 0.05 1 0.3 2000 0.3 0.3 0.5 40 0.5 0.25 4 1 0.25 0.2 1 0.1 17.5 12.5 0 0.05 70
615 PFT48clonal8 100 0.05 1 0.1 1000 0.1 0.6 0.5 40 0.5 0.25 4 1 0.25 0.2 1 0.1 17.5 12.5 0 0.05 70
616 PFT49clonal8 100 0.05 0.75 1 5000 1 0.1 0.5 40 0.5 0.25 4 1 0.25 0.2 1 0.1 17.5 12.5 0 0.05 70
617 PFT50clonal8 100 0.05 0.75 0.3 2000 0.3 0.3 0.5 40 0.5 0.25 4 1 0.25 0.2 1 0.1 17.5 12.5 0 0.05 70
618 PFT51clonal8 100 0.05 0.75 0.1 1000 0.1 0.6 0.5 40 0.5 0.25 4 1 0.25 0.2 1 0.1 17.5 12.5 0 0.05 70
619 PFT52clonal8 100 0.05 0.5 1 5000 1 0.1 0.5 40 0.5 0.25 4 1 0.25 0.2 1 0.1 17.5 12.5 0 0.05 70
620 PFT53clonal8 100 0.05 0.5 0.3 2000 0.3 0.3 0.5 40 0.5 0.25 4 1 0.25 0.2 1 0.1 17.5 12.5 0 0.05 70
621 PFT54clonal8 100 0.05 0.5 0.1 1000 0.1 0.6 0.5 40 0.5 0.25 4 1 0.25 0.2 1 0.1 17.5 12.5 0 0.05 70
622 PFT55clonal8 100 0.05 1 1 5000 1 0.1 0.5 20 1 1 6 1 0.25 0.2 1 0.1 17.5 12.5 0 0.05 70
623 PFT56clonal8 100 0.05 1 0.3 2000 0.3 0.3 0.5 20 1 1 6 1 0.25 0.2 1 0.1 17.5 12.5 0 0.05 70
624 PFT57clonal8 100 0.05 1 0.1 1000 0.1 0.6 0.5 20 1 1 6 1 0.25 0.2 1 0.1 17.5 12.5 0 0.05 70
625 PFT58clonal8 100 0.05 0.75 1 5000 1 0.1 0.5 20 1 1 6 1 0.25 0.2 1 0.1 17.5 12.5 0 0.05 70
626 PFT59clonal8 100 0.05 0.75 0.3 2000 0.3 0.3 0.5 20 1 1 6 1 0.25 0.2 1 0.1 17.5 12.5 0 0.05 70
627 PFT60clonal8 100 0.05 0.75 0.1 1000 0.1 0.6 0.5 20 1 1 6 1 0.25 0.2 1 0.1 17.5 12.5 0 0.05 70
628 PFT61clonal8 100 0.05 0.5 1 5000 1 0.1 0.5 20 1 1 6 1 0.25 0.2 1 0.1 17.5 12.5 0 0.05 70
629 PFT62clonal8 100 0.05 0.5 0.3 2000 0.3 0.3 0.5 20 1 1 6 1 0.25 0.2 1 0.1 17.5 12.5 0 0.05 70
630 PFT63clonal8 100 0.05 0.5 0.1 1000 0.1 0.6 0.5 20 1 1 6 1 0.25 0.2 1 0.1 17.5 12.5 0 0.05 70
631 PFT64clonal8 100 0.05 1 1 5000 1 0.1 0.5 20 0.75 0.5 6 1 0.25 0.2 1 0.1 17.5 12.5 0 0.05 70
632 PFT65clonal8 100 0.05 1 0.3 2000 0.3 0.3 0.5 20 0.75 0.5 6 1 0.25 0.2 1 0.1 17.5 12.5 0 0.05 70
633 PFT66clonal8 100 0.05 1 0.1 1000 0.1 0.6 0.5 20 0.75 0.5 6 1 0.25 0.2 1 0.1 17.5 12.5 0 0.05 70
634 PFT67clonal8 100 0.05 0.75 1 5000 1 0.1 0.5 20 0.75 0.5 6 1 0.25 0.2 1 0.1 17.5 12.5 0 0.05 70
635 PFT68clonal8 100 0.05 0.75 0.3 2000 0.3 0.3 0.5 20 0.75 0.5 6 1 0.25 0.2 1 0.1 17.5 12.5 0 0.05 70
636 PFT69clonal8 100 0.05 0.75 0.1 1000 0.1 0.6 0.5 20 0.75 0.5 6 1 0.25 0.2 1 0.1 17.5 12.5 0 0.05 70
637 PFT70clonal8 100 0.05 0.5 1 5000 1 0.1 0.5 20 0.75 0.5 6 1 0.25 0.2 1 0.1 17.5 12.5 0 0.05 70
638 PFT71clonal8 100 0.05 0.5 0.3 2000 0.3 0.3 0.5 20 0.75 0.5 6 1 0.25 0.2 1 0.1 17.5 12.5 0 0.05 70
639 PFT72clonal8 100 0.05 0.5 0.1 1000 0.1 0.6 0.5 20 0.75 0.5 6 1 0.25 0.2 1 0.1 17.5 12.5 0 0.05 70
640 PFT73clonal8 100 0.05 1 1 5000 1 0.1 0.5 20 0.5 0.25 6 1 0.25 0.2 1 0.1 17.5 12.5 0 0.05 70
641 PFT74clonal8 100 0.05 1 0.3 2000 0.3 0.3 0.5 20 0.5 0.25 6 1 0.25 0.2 1 0.1 17.5 12.5 0 0.05 70
642 PFT75clonal8 100 0.05 1 0.1 1000 0.1 0.6 0.5 20 0.5 0.25 6 1 0.25 0.2 1 0.1 17.5 12.5 0 0.05 70
643 PFT76clonal8 100 0.05 0.75 1 5000 1 0.1 0.5 20 0.5 0.25 6 1 0.25 0.2 1 0.1 17.5 12.5 0 0.05 70
644 PFT77clonal8 100 0.05 0.75 0.3 2000 0.3 0.3 0.5 20 0.5 0.25 6 1 0.25 0.2 1 0.1 17.5 12.5 0 0.05 70
645 PFT78clonal8 100 0.05 0.75 0.1 1000 0.1 0.6 0.5 20 0.5 0.25 6 1 0.25 0.2 1 0.1 17.5 12.5 0 0.05 70
646 PFT79clonal8 100 0.05 0.5 1 5000 1 0.1 0.5 20 0.5 0.25 6 1 0.25 0.2 1 0.1 17.5 12.5 0 0.05 70
647 PFT80clonal8 100 0.05 0.5 0.3 2000 0.3 0.3 0.5 20 0.5 0.25 6 1 0.25 0.2 1 0.1 17.5 12.5 0 0.05 70
648 PFT81clonal8 100 0.05 0.5 0.1 1000 0.1 0.6 0.5 20 0.5 0.25 6 1 0.25 0.2 1 0.1 17.5 12.5 0 0.05 70
649 PFT1 100 0.05 1 1 5000 1 0.1 0.5 60 1 1 2 1 0.25 0.2 0 0 0 0 0 0 0
650 PFT2 100 0.05 1 0.3 2000 0.3 0.3 0.5 60 1 1 2 1 0.25 0.2 0 0 0 0 0 0 0
651 PFT3 100 0.05 1 0.1 1000 0.1 0.6 0.5 60 1 1 2 1 0.25 0.2 0 0 0 0 0 0 0
652 PFT4 100 0.05 0.75 1 5000 1 0.1 0.5 60 1 1 2 1 0.25 0.2 0 0 0 0 0 0 0
653 PFT5 100 0.05 0.75 0.3 2000 0.3 0.3 0.5 60 1 1 2 1 0.25 0.2 0 0 0 0 0 0 0
654 PFT6 100 0.05 0.75 0.1 1000 0.1 0.6 0.5 60 1 1 2 1 0.25 0.2 0 0 0 0 0 0 0
655 PFT7 100 0.05 0.5 1 5000 1 0.1 0.5 60 1 1 2 1 0.25 0.2 0 0 0 0 0 0 0
656 PFT8 100 0.05 0.5 0.3 2000 0.3 0.3 0.5 60 1 1 2 1 0.25 0.2 0 0 0 0 0 0 0
657 PFT9 100 0.05 0.5 0.1 1000 0.1 0.6 0.5 60 1 1 2 1 0.25 0.2 0 0 0 0 0 0 0
658 PFT10 100 0.05 1 1 5000 1 0.1 0.5 60 0.75 0.5 2 1 0.25 0.2 0 0 0 0 0 0 0
659 PFT11 100 0.05 1 0.3 2000 0.3 0.3 0.5 60 0.75 0.5 2 1 0.25 0.2 0 0 0 0 0 0 0
660 PFT12 100 0.05 1 0.1 1000 0.1 0.6 0.5 60 0.75 0.5 2 1 0.25 0.2 0 0 0 0 0 0 0
661 PFT13 100 0.05 0.75 1 5000 1 0.1 0.5 60 0.75 0.5 2 1 0.25 0.2 0 0 0 0 0 0 0
662 PFT14 100 0.05 0.75 0.3 2000 0.3 0.3 0.5 60 0.75 0.5 2 1 0.25 0.2 0 0 0 0 0 0 0
663 PFT15 100 0.05 0.75 0.1 1000 0.1 0.6 0.5 60 0.75 0.5 2 1 0.25 0.2 0 0 0 0 0 0 0
664 PFT16 100 0.05 0.5 1 5000 1 0.1 0.5 60 0.75 0.5 2 1 0.25 0.2 0 0 0 0 0 0 0
665 PFT17 100 0.05 0.5 0.3 2000 0.3 0.3 0.5 60 0.75 0.5 2 1 0.25 0.2 0 0 0 0 0 0 0
666 PFT18 100 0.05 0.5 0.1 1000 0.1 0.6 0.5 60 0.75 0.5 2 1 0.25 0.2 0 0 0 0 0 0 0
667 PFT19 100 0.05 1 1 5000 1 0.1 0.5 60 0.5 0.25 2 1 0.25 0.2 0 0 0 0 0 0 0
668 PFT20 100 0.05 1 0.3 2000 0.3 0.3 0.5 60 0.5 0.25 2 1 0.25 0.2 0 0 0 0 0 0 0
669 PFT21 100 0.05 1 0.1 1000 0.1 0.6 0.5 60 0.5 0.25 2 1 0.25 0.2 0 0 0 0 0 0 0
670 PFT22 100 0.05 0.75 1 5000 1 0.1 0.5 60 0.5 0.25 2 1 0.25 0.2 0 0 0 0 0 0 0
671 PFT23 100 0.05 0.75 0.3 2000 0.3 0.3 0.5 60 0.5 0.25 2 1 0.25 0.2 0 0 0 0 0 0 0
672 PFT24 100 0.05 0.75 0.1 1000 0.1 0.6 0.5 60 0.5 0.25 2 1 0.25 0.2 0 0 0 0 0 0 0
673 PFT25 100 0.05 0.5 1 5000 1 0.1 0.5 60 0.5 0.25 2 1 0.25 0.2 0 0 0 0 0 0 0
674 PFT26 100 0.05 0.5 0.3 2000 0.3 0.3 0.5 60 0.5 0.25 2 1 0.25 0.2 0 0 0 0 0 0 0
675 PFT27 100 0.05 0.5 0.1 1000 0.1 0.6 0.5 60 0.5 0.25 2 1 0.25 0.2 0 0 0 0 0 0 0
676 PFT28 100 0.05 1 1 5000 1 0.1 0.5 40 1 1 4 1 0.25 0.2 0 0 0 0 0 0 0
677 PFT29 100 0.05 1 0.3 2000 0.3 0.3 0.5 40 1 1 4 1 0.25 0.2 0 0 0 0 0 0 0
678 PFT30 100 0.05 1 0.1 1000 0.1 0.6 0.5 40 1 1 4 1 0.25 0.2 0 0 0 0 0 0 0
679 PFT31 100 0.05 0.75 1 5000 1 0.1 0.5 40 1 1 4 1 0.25 0.2 0 0 0 0 0 0 0
680 PFT32 100 0.05 0.75 0.3 2000 0.3 0.3 0.5 40 1 1 4 1 0.25 0.2 0 0 0 0 0 0 0
681 PFT33 100 0.05 0.75 0.1 1000 0.1 0.6 0.5 40 1 1 4 1 0.25 0.2 0 0 0 0 0 0 0
682 PFT34 100 0.05 0.5 1 5000 1 0.1 0.5 40 1 1 4 1 0.25 0.2 0 0 0 0 0 0 0
683 PFT35 100 0.05 0.5 0.3 2000 0.3 0.3 0.5 40 1 1 4 1 0.25 0.2 0 0 0 0 0 0 0
684 PFT36 100 0.05 0.5 0.1 1000 0.1 0.6 0.5 40 1 1 4 1 0.25 0.2 0 0 0 0 0 0 0
685 PFT37 100 0.05 1 1 5000 1 0.1 0.5 40 0.75 0.5 4 1 0.25 0.2 0 0 0 0 0 0 0
686 PFT38 100 0.05 1 0.3 2000 0.3 0.3 0.5 40 0.75 0.5 4 1 0.25 0.2 0 0 0 0 0 0 0
687 PFT39 100 0.05 1 0.1 1000 0.1 0.6 0.5 40 0.75 0.5 4 1 0.25 0.2 0 0 0 0 0 0 0
688 PFT40 100 0.05 0.75 1 5000 1 0.1 0.5 40 0.75 0.5 4 1 0.25 0.2 0 0 0 0 0 0 0
689 PFT41 100 0.05 0.75 0.3 2000 0.3 0.3 0.5 40 0.75 0.5 4 1 0.25 0.2 0 0 0 0 0 0 0
690 PFT42 100 0.05 0.75 0.1 1000 0.1 0.6 0.5 40 0.75 0.5 4 1 0.25 0.2 0 0 0 0 0 0 0
691 PFT43 100 0.05 0.5 1 5000 1 0.1 0.5 40 0.75 0.5 4 1 0.25 0.2 0 0 0 0 0 0 0
692 PFT44 100 0.05 0.5 0.3 2000 0.3 0.3 0.5 40 0.75 0.5 4 1 0.25 0.2 0 0 0 0 0 0 0
693 PFT45 100 0.05 0.5 0.1 1000 0.1 0.6 0.5 40 0.75 0.5 4 1 0.25 0.2 0 0 0 0 0 0 0
694 PFT46 100 0.05 1 1 5000 1 0.1 0.5 40 0.5 0.25 4 1 0.25 0.2 0 0 0 0 0 0 0
695 PFT47 100 0.05 1 0.3 2000 0.3 0.3 0.5 40 0.5 0.25 4 1 0.25 0.2 0 0 0 0 0 0 0
696 PFT48 100 0.05 1 0.1 1000 0.1 0.6 0.5 40 0.5 0.25 4 1 0.25 0.2 0 0 0 0 0 0 0
697 PFT49 100 0.05 0.75 1 5000 1 0.1 0.5 40 0.5 0.25 4 1 0.25 0.2 0 0 0 0 0 0 0
698 PFT50 100 0.05 0.75 0.3 2000 0.3 0.3 0.5 40 0.5 0.25 4 1 0.25 0.2 0 0 0 0 0 0 0
699 PFT51 100 0.05 0.75 0.1 1000 0.1 0.6 0.5 40 0.5 0.25 4 1 0.25 0.2 0 0 0 0 0 0 0
700 PFT52 100 0.05 0.5 1 5000 1 0.1 0.5 40 0.5 0.25 4 1 0.25 0.2 0 0 0 0 0 0 0
701 PFT53 100 0.05 0.5 0.3 2000 0.3 0.3 0.5 40 0.5 0.25 4 1 0.25 0.2 0 0 0 0 0 0 0
702 PFT54 100 0.05 0.5 0.1 1000 0.1 0.6 0.5 40 0.5 0.25 4 1 0.25 0.2 0 0 0 0 0 0 0
703 PFT55 100 0.05 1 1 5000 1 0.1 0.5 20 1 1 6 1 0.25 0.2 0 0 0 0 0 0 0
704 PFT56 100 0.05 1 0.3 2000 0.3 0.3 0.5 20 1 1 6 1 0.25 0.2 0 0 0 0 0 0 0
705 PFT57 100 0.05 1 0.1 1000 0.1 0.6 0.5 20 1 1 6 1 0.25 0.2 0 0 0 0 0 0 0
706 PFT58 100 0.05 0.75 1 5000 1 0.1 0.5 20 1 1 6 1 0.25 0.2 0 0 0 0 0 0 0
707 PFT59 100 0.05 0.75 0.3 2000 0.3 0.3 0.5 20 1 1 6 1 0.25 0.2 0 0 0 0 0 0 0
708 PFT60 100 0.05 0.75 0.1 1000 0.1 0.6 0.5 20 1 1 6 1 0.25 0.2 0 0 0 0 0 0 0
709 PFT61 100 0.05 0.5 1 5000 1 0.1 0.5 20 1 1 6 1 0.25 0.2 0 0 0 0 0 0 0
710 PFT62 100 0.05 0.5 0.3 2000 0.3 0.3 0.5 20 1 1 6 1 0.25 0.2 0 0 0 0 0 0 0
711 PFT63 100 0.05 0.5 0.1 1000 0.1 0.6 0.5 20 1 1 6 1 0.25 0.2 0 0 0 0 0 0 0
712 PFT64 100 0.05 1 1 5000 1 0.1 0.5 20 0.75 0.5 6 1 0.25 0.2 0 0 0 0 0 0 0
713 PFT65 100 0.05 1 0.3 2000 0.3 0.3 0.5 20 0.75 0.5 6 1 0.25 0.2 0 0 0 0 0 0 0
714 PFT66 100 0.05 1 0.1 1000 0.1 0.6 0.5 20 0.75 0.5 6 1 0.25 0.2 0 0 0 0 0 0 0
715 PFT67 100 0.05 0.75 1 5000 1 0.1 0.5 20 0.75 0.5 6 1 0.25 0.2 0 0 0 0 0 0 0
716 PFT68 100 0.05 0.75 0.3 2000 0.3 0.3 0.5 20 0.75 0.5 6 1 0.25 0.2 0 0 0 0 0 0 0
717 PFT69 100 0.05 0.75 0.1 1000 0.1 0.6 0.5 20 0.75 0.5 6 1 0.25 0.2 0 0 0 0 0 0 0
718 PFT70 100 0.05 0.5 1 5000 1 0.1 0.5 20 0.75 0.5 6 1 0.25 0.2 0 0 0 0 0 0 0
719 PFT71 100 0.05 0.5 0.3 2000 0.3 0.3 0.5 20 0.75 0.5 6 1 0.25 0.2 0 0 0 0 0 0 0
720 PFT72 100 0.05 0.5 0.1 1000 0.1 0.6 0.5 20 0.75 0.5 6 1 0.25 0.2 0 0 0 0 0 0 0
721 PFT73 100 0.05 1 1 5000 1 0.1 0.5 20 0.5 0.25 6 1 0.25 0.2 0 0 0 0 0 0 0
722 PFT74 100 0.05 1 0.3 2000 0.3 0.3 0.5 20 0.5 0.25 6 1 0.25 0.2 0 0 0 0 0 0 0
723 PFT75 100 0.05 1 0.1 1000 0.1 0.6 0.5 20 0.5 0.25 6 1 0.25 0.2 0 0 0 0 0 0 0
724 PFT76 100 0.05 0.75 1 5000 1 0.1 0.5 20 0.5 0.25 6 1 0.25 0.2 0 0 0 0 0 0 0
725 PFT77 100 0.05 0.75 0.3 2000 0.3 0.3 0.5 20 0.5 0.25 6 1 0.25 0.2 0 0 0 0 0 0 0
726 PFT78 100 0.05 0.75 0.1 1000 0.1 0.6 0.5 20 0.5 0.25 6 1 0.25 0.2 0 0 0 0 0 0 0
727 PFT79 100 0.05 0.5 1 5000 1 0.1 0.5 20 0.5 0.25 6 1 0.25 0.2 0 0 0 0 0 0 0
728 PFT80 100 0.05 0.5 0.3 2000 0.3 0.3 0.5 20 0.5 0.25 6 1 0.25 0.2 0 0 0 0 0 0 0
729 PFT81 100 0.05 0.5 0.1 1000 0.1 0.6 0.5 20 0.5 0.25 6 1 0.25 0.2 0 0 0 0 0 0 0
