ID Species MaxAge AllocSeed LMR m0 MaxMass mSeed Dist pEstab Gmax SLA palat memo RAR growth mThres clonal propSex meanSpacerLength sdSpacerlength Resshare AllocSpacer mSpacer
5 PFT5clonal1 100 0.05 0.75 0.3 2000 0.3 0.3 0.5 60 1 1 2 1 0.25 0.2 1 1 2.5 2.5 1 0.05 70
13 PFT13clonal1 100 0.05 0.75 1 5000 1 0.1 0.5 60 0.75 0.5 2 1 0.25 0.2 1 1 2.5 2.5 1 0.05 70
14 PFT14clonal1 100 0.05 0.75 0.3 2000 0.3 0.3 0.5 60 0.75 0.5 2 1 0.25 0.2 1 1 2.5 2.5 1 0.05 70
23 PFT23clonal1 100 0.05 0.75 0.3 2000 0.3 0.3 0.5 60 0.5 0.25 2 1 0.25 0.2 1 1 2.5 2.5 1 0.05 70
29 PFT29clonal1 100 0.05 1 0.3 2000 0.3 0.3 0.5 40 1 1 4 1 0.25 0.2 1 1 2.5 2.5 1 0.05 70
30 PFT30clonal1 100 0.05 1 0.1 1000 0.1 0.6 0.5 40 1 1 4 1 0.25 0.2 1 1 2.5 2.5 1 0.05 70
32 PFT32clonal1 100 0.05 0.75 0.3 2000 0.3 0.3 0.5 40 1 1 4 1 0.25 0.2 1 1 2.5 2.5 1 0.05 70
33 PFT33clonal1 100 0.05 0.75 0.1 1000 0.1 0.6 0.5 40 1 1 4 1 0.25 0.2 1 1 2.5 2.5 1 0.05 70
36 PFT36clonal1 100 0.05 0.5 0.1 1000 0.1 0.6 0.5 40 1 1 4 1 0.25 0.2 1 1 2.5 2.5 1 0.05 70
41 PFT41clonal1 100 0.05 0.75 0.3 2000 0.3 0.3 0.5 40 0.75 0.5 4 1 0.25 0.2 1 1 2.5 2.5 1 0.05 70
42 PFT42clonal1 100 0.05 0.75 0.1 1000 0.1 0.6 0.5 40 0.75 0.5 4 1 0.25 0.2 1 1 2.5 2.5 1 0.05 70
44 PFT44clonal1 100 0.05 0.5 0.3 2000 0.3 0.3 0.5 40 0.75 0.5 4 1 0.25 0.2 1 1 2.5 2.5 1 0.05 70
48 PFT48clonal1 100 0.05 1 0.1 1000 0.1 0.6 0.5 40 0.5 0.25 4 1 0.25 0.2 1 1 2.5 2.5 1 0.05 70
50 PFT50clonal1 100 0.05 0.75 0.3 2000 0.3 0.3 0.5 40 0.5 0.25 4 1 0.25 0.2 1 1 2.5 2.5 1 0.05 70
51 PFT51clonal1 100 0.05 0.75 0.1 1000 0.1 0.6 0.5 40 0.5 0.25 4 1 0.25 0.2 1 1 2.5 2.5 1 0.05 70
59 PFT59clonal1 100 0.05 0.75 0.3 2000 0.3 0.3 0.5 20 1 1 6 1 0.25 0.2 1 1 2.5 2.5 1 0.05 70
60 PFT60clonal1 100 0.05 0.75 0.1 1000 0.1 0.6 0.5 20 1 1 6 1 0.25 0.2 1 1 2.5 2.5 1 0.05 70
62 PFT62clonal1 100 0.05 0.5 0.3 2000 0.3 0.3 0.5 20 1 1 6 1 0.25 0.2 1 1 2.5 2.5 1 0.05 70
68 PFT68clonal1 100 0.05 0.75 0.3 2000 0.3 0.3 0.5 20 0.75 0.5 6 1 0.25 0.2 1 1 2.5 2.5 1 0.05 70
69 PFT69clonal1 100 0.05 0.75 0.1 1000 0.1 0.6 0.5 20 0.75 0.5 6 1 0.25 0.2 1 1 2.5 2.5 1 0.05 70
75 PFT75clonal1 100 0.05 1 0.1 1000 0.1 0.6 0.5 20 0.5 0.25 6 1 0.25 0.2 1 1 2.5 2.5 1 0.05 70
86 PFT5clonal2 100 0.05 0.75 0.3 2000 0.3 0.3 0.5 60 1 1 2 1 0.25 0.2 1 1 2.5 2.5 0 0.05 70
94 PFT13clonal2 100 0.05 0.75 1 5000 1 0.1 0.5 60 0.75 0.5 2 1 0.25 0.2 1 1 2.5 2.5 0 0.05 70
104 PFT23clonal2 100 0.05 0.75 0.3 2000 0.3 0.3 0.5 60 0.5 0.25 2 1 0.25 0.2 1 1 2.5 2.5 0 0.05 70
114 PFT33clonal2 100 0.05 0.75 0.1 1000 0.1 0.6 0.5 40 1 1 4 1 0.25 0.2 1 1 2.5 2.5 0 0.05 70
128 PFT47clonal2 100 0.05 1 0.3 2000 0.3 0.3 0.5 40 0.5 0.25 4 1 0.25 0.2 1 1 2.5 2.5 0 0.05 70
129 PFT48clonal2 100 0.05 1 0.1 1000 0.1 0.6 0.5 40 0.5 0.25 4 1 0.25 0.2 1 1 2.5 2.5 0 0.05 70
132 PFT51clonal2 100 0.05 0.75 0.1 1000 0.1 0.6 0.5 40 0.5 0.25 4 1 0.25 0.2 1 1 2.5 2.5 0 0.05 70
166 PFT4clonal3 100 0.05 0.75 1 5000 1 0.1 0.5 60 1 1 2 1 0.25 0.2 1 1 17.5 12.5 1 0.05 70
167 PFT5clonal3 100 0.05 0.75 0.3 2000 0.3 0.3 0.5 60 1 1 2 1 0.25 0.2 1 1 17.5 12.5 1 0.05 70
170 PFT8clonal3 100 0.05 0.5 0.3 2000 0.3 0.3 0.5 60 1 1 2 1 0.25 0.2 1 1 17.5 12.5 1 0.05 70
171 PFT9clonal3 100 0.05 0.5 0.1 1000 0.1 0.6 0.5 60 1 1 2 1 0.25 0.2 1 1 17.5 12.5 1 0.05 70
176 PFT14clonal3 100 0.05 0.75 0.3 2000 0.3 0.3 0.5 60 0.75 0.5 2 1 0.25 0.2 1 1 17.5 12.5 1 0.05 70
178 PFT16clonal3 100 0.05 0.5 1 5000 1 0.1 0.5 60 0.75 0.5 2 1 0.25 0.2 1 1 17.5 12.5 1 0.05 70
179 PFT17clonal3 100 0.05 0.5 0.3 2000 0.3 0.3 0.5 60 0.75 0.5 2 1 0.25 0.2 1 1 17.5 12.5 1 0.05 70
185 PFT23clonal3 100 0.05 0.75 0.3 2000 0.3 0.3 0.5 60 0.5 0.25 2 1 0.25 0.2 1 1 17.5 12.5 1 0.05 70
192 PFT30clonal3 100 0.05 1 0.1 1000 0.1 0.6 0.5 40 1 1 4 1 0.25 0.2 1 1 17.5 12.5 1 0.05 70
194 PFT32clonal3 100 0.05 0.75 0.3 2000 0.3 0.3 0.5 40 1 1 4 1 0.25 0.2 1 1 17.5 12.5 1 0.05 70
195 PFT33clonal3 100 0.05 0.75 0.1 1000 0.1 0.6 0.5 40 1 1 4 1 0.25 0.2 1 1 17.5 12.5 1 0.05 70
197 PFT35clonal3 100 0.05 0.5 0.3 2000 0.3 0.3 0.5 40 1 1 4 1 0.25 0.2 1 1 17.5 12.5 1 0.05 70
198 PFT36clonal3 100 0.05 0.5 0.1 1000 0.1 0.6 0.5 40 1 1 4 1 0.25 0.2 1 1 17.5 12.5 1 0.05 70
203 PFT41clonal3 100 0.05 0.75 0.3 2000 0.3 0.3 0.5 40 0.75 0.5 4 1 0.25 0.2 1 1 17.5 12.5 1 0.05 70
204 PFT42clonal3 100 0.05 0.75 0.1 1000 0.1 0.6 0.5 40 0.75 0.5 4 1 0.25 0.2 1 1 17.5 12.5 1 0.05 70
210 PFT48clonal3 100 0.05 1 0.1 1000 0.1 0.6 0.5 40 0.5 0.25 4 1 0.25 0.2 1 1 17.5 12.5 1 0.05 70
216 PFT54clonal3 100 0.05 0.5 0.1 1000 0.1 0.6 0.5 40 0.5 0.25 4 1 0.25 0.2 1 1 17.5 12.5 1 0.05 70
221 PFT59clonal3 100 0.05 0.75 0.3 2000 0.3 0.3 0.5 20 1 1 6 1 0.25 0.2 1 1 17.5 12.5 1 0.05 70
224 PFT62clonal3 100 0.05 0.5 0.3 2000 0.3 0.3 0.5 20 1 1 6 1 0.25 0.2 1 1 17.5 12.5 1 0.05 70
243 PFT81clonal3 100 0.05 0.5 0.1 1000 0.1 0.6 0.5 20 0.5 0.25 6 1 0.25 0.2 1 1 17.5 12.5 1 0.05 70
260 PFT17clonal4 100 0.05 0.5 0.3 2000 0.3 0.3 0.5 60 0.75 0.5 2 1 0.25 0.2 1 1 17.5 12.5 0 0.05 70
268 PFT25clonal4 100 0.05 0.5 1 5000 1 0.1 0.5 60 0.5 0.25 2 1 0.25 0.2 1 1 17.5 12.5 0 0.05 70
269 PFT26clonal4 100 0.05 0.5 0.3 2000 0.3 0.3 0.5 60 0.5 0.25 2 1 0.25 0.2 1 1 17.5 12.5 0 0.05 70
270 PFT27clonal4 100 0.05 0.5 0.1 1000 0.1 0.6 0.5 60 0.5 0.25 2 1 0.25 0.2 1 1 17.5 12.5 0 0.05 70
275 PFT32clonal4 100 0.05 0.75 0.3 2000 0.3 0.3 0.5 40 1 1 4 1 0.25 0.2 1 1 17.5 12.5 0 0.05 70
276 PFT33clonal4 100 0.05 0.75 0.1 1000 0.1 0.6 0.5 40 1 1 4 1 0.25 0.2 1 1 17.5 12.5 0 0.05 70
279 PFT36clonal4 100 0.05 0.5 0.1 1000 0.1 0.6 0.5 40 1 1 4 1 0.25 0.2 1 1 17.5 12.5 0 0.05 70
288 PFT45clonal4 100 0.05 0.5 0.1 1000 0.1 0.6 0.5 40 0.75 0.5 4 1 0.25 0.2 1 1 17.5 12.5 0 0.05 70
291 PFT48clonal4 100 0.05 1 0.1 1000 0.1 0.6 0.5 40 0.5 0.25 4 1 0.25 0.2 1 1 17.5 12.5 0 0.05 70
293 PFT50clonal4 100 0.05 0.75 0.3 2000 0.3 0.3 0.5 40 0.5 0.25 4 1 0.25 0.2 1 1 17.5 12.5 0 0.05 70
294 PFT51clonal4 100 0.05 0.75 0.1 1000 0.1 0.6 0.5 40 0.5 0.25 4 1 0.25 0.2 1 1 17.5 12.5 0 0.05 70
297 PFT54clonal4 100 0.05 0.5 0.1 1000 0.1 0.6 0.5 40 0.5 0.25 4 1 0.25 0.2 1 1 17.5 12.5 0 0.05 70
306 PFT63clonal4 100 0.05 0.5 0.1 1000 0.1 0.6 0.5 20 1 1 6 1 0.25 0.2 1 1 17.5 12.5 0 0.05 70
320 PFT77clonal4 100 0.05 0.75 0.3 2000 0.3 0.3 0.5 20 0.5 0.25 6 1 0.25 0.2 1 1 17.5 12.5 0 0.05 70
652 PFT4 100 0.05 0.75 1 5000 1 0.1 0.5 60 1 1 2 1 0.25 0.2 0 0 0 0 0 0 0
654 PFT6 100 0.05 0.75 0.1 1000 0.1 0.6 0.5 60 1 1 2 1 0.25 0.2 0 0 0 0 0 0 0
656 PFT8 100 0.05 0.5 0.3 2000 0.3 0.3 0.5 60 1 1 2 1 0.25 0.2 0 0 0 0 0 0 0
657 PFT9 100 0.05 0.5 0.1 1000 0.1 0.6 0.5 60 1 1 2 1 0.25 0.2 0 0 0 0 0 0 0
661 PFT13 100 0.05 0.75 1 5000 1 0.1 0.5 60 0.75 0.5 2 1 0.25 0.2 0 0 0 0 0 0 0
662 PFT14 100 0.05 0.75 0.3 2000 0.3 0.3 0.5 60 0.75 0.5 2 1 0.25 0.2 0 0 0 0 0 0 0
663 PFT15 100 0.05 0.75 0.1 1000 0.1 0.6 0.5 60 0.75 0.5 2 1 0.25 0.2 0 0 0 0 0 0 0
671 PFT23 100 0.05 0.75 0.3 2000 0.3 0.3 0.5 60 0.5 0.25 2 1 0.25 0.2 0 0 0 0 0 0 0
674 PFT26 100 0.05 0.5 0.3 2000 0.3 0.3 0.5 60 0.5 0.25 2 1 0.25 0.2 0 0 0 0 0 0 0
678 PFT30 100 0.05 1 0.1 1000 0.1 0.6 0.5 40 1 1 4 1 0.25 0.2 0 0 0 0 0 0 0
681 PFT33 100 0.05 0.75 0.1 1000 0.1 0.6 0.5 40 1 1 4 1 0.25 0.2 0 0 0 0 0 0 0
683 PFT35 100 0.05 0.5 0.3 2000 0.3 0.3 0.5 40 1 1 4 1 0.25 0.2 0 0 0 0 0 0 0
684 PFT36 100 0.05 0.5 0.1 1000 0.1 0.6 0.5 40 1 1 4 1 0.25 0.2 0 0 0 0 0 0 0
687 PFT39 100 0.05 1 0.1 1000 0.1 0.6 0.5 40 0.75 0.5 4 1 0.25 0.2 0 0 0 0 0 0 0
689 PFT41 100 0.05 0.75 0.3 2000 0.3 0.3 0.5 40 0.75 0.5 4 1 0.25 0.2 0 0 0 0 0 0 0
690 PFT42 100 0.05 0.75 0.1 1000 0.1 0.6 0.5 40 0.75 0.5 4 1 0.25 0.2 0 0 0 0 0 0 0
693 PFT45 100 0.05 0.5 0.1 1000 0.1 0.6 0.5 40 0.75 0.5 4 1 0.25 0.2 0 0 0 0 0 0 0
696 PFT48 100 0.05 1 0.1 1000 0.1 0.6 0.5 40 0.5 0.25 4 1 0.25 0.2 0 0 0 0 0 0 0
699 PFT51 100 0.05 0.75 0.1 1000 0.1 0.6 0.5 40 0.5 0.25 4 1 0.25 0.2 0 0 0 0 0 0 0
707 PFT59 100 0.05 0.75 0.3 2000 0.3 0.3 0.5 20 1 1 6 1 0.25 0.2 0 0 0 0 0 0 0
708 PFT60 100 0.05 0.75 0.1 1000 0.1 0.6 0.5 20 1 1 6 1 0.25 0.2 0 0 0 0 0 0 0
710 PFT62 100 0.05 0.5 0.3 2000 0.3 0.3 0.5 20 1 1 6 1 0.25 0.2 0 0 0 0 0 0 0
711 PFT63 100 0.05 0.5 0.1 1000 0.1 0.6 0.5 20 1 1 6 1 0.25 0.2 0 0 0 0 0 0 0
729 PFT81 100 0.05 0.5 0.1 1000 0.1 0.6 0.5 20 0.5 0.25 6 1 0.25 0.2 0 0 0 0 0 0 0
